0	0	1.1620087326770232E-4	1.3442686386801018E-4	1.4916081264035577E-4	0.03104985881071675	2.340150235196172E-4	0.05067582714292642	0.2601114960012333	2.142499062967057E-4	2.744459182556508E-5	1.9436619265155252E-4	0.017655516911410405	0.013845094638563774	0.004880069918499906	1.961524664788509E-4	8.289998329443914E-5	1.4648611122366028E-4	1.4217418190525405E-4	5.0459215862366494E-5	0.05844084488658778	0.00785754103932889	0.023072653939616546	0.18739488073350918	0.0018486382695096651	0.029320751590738787	0.053491669604789197	2.2995437431879304E-4	0.030721950884319584	0.01873058164443297	0.20881940496487295	1.6522842179112306E-4
1	1	0.018866966924663837	4.069655142313465E-4	0.00970916074647933	0.0014248232905257519	7.084599137716338E-4	0.16267420176454814	0.2458957047271995	0.009906212256188858	8.308608937070063E-5	0.005217221312180403	0.007162578041071256	2.556542950920248E-4	8.875984736503862E-4	0.13020008731481675	2.509724125106219E-4	4.4347382559204205E-4	4.304198385994019E-4	1.527608406553423E-4	0.0010303204888842674	0.12099270454153341	0.005047305232400143	0.0072373648039138335	0.010225384614257777	8.188979193937487E-4	0.046221459089485786	0.009953756152702086	0.009689700363938538	0.18631144247368364	0.007295102215274637	5.002145233848603E-4
2	2	1.4392858118741117E-4	0.038042496779906274	0.04374214549695259	0.03277753854761011	0.004077454711997385	2.726413271506524E-4	0.03432142990854437	0.02867236881125937	3.3993386208218046E-5	2.4074561190851656E-4	0.186629024588014	0.19705976134744854	3.631471638772592E-4	2.4295812417581225E-4	1.0268147424796581E-4	0.002075240102219193	1.7609960844237248E-4	6.249973122119657E-5	0.061023128697049116	2.6349942751469145E-4	1.7122708038651613E-4	0.008642454652326005	0.0022897580351767545	0.006016438368219969	0.29540554383237266	0.04194841826063223	0.009645789752527069	0.0023682535211146005	0.0029846780479201003	2.046550223890732E-4
3	3	2.5935083312287054E-4	0.010537576349098686	3.3291471862211073E-4	0.007875462521577345	5.223023683587929E-4	0.5089560979707439	0.1130329298715172	4.78188245337326E-4	6.125408144119163E-5	4.338094248136046E-4	0.05646824554975035	1.884776276145162E-4	0.05184210280581042	4.3779624171323434E-4	1.8502597380445635E-4	3.2694500409873717E-4	3.1732113097586266E-4	1.126208375601675E-4	7.595896691570708E-4	4.7481046147707014E-4	3.085411221668032E-4	0.07699847426144162	7.134936949379539E-4	0.0074287523404661816	0.14668915023732473	0.007338270396902115	3.185678181233757E-4	8.54937941149599E-4	0.005378214194466931	3.6877630642570607E-4
4	4	3.974809082559672E-5	0.0193970526735975	5.740243823795288E-4	0.03467911415754099	0.0011260518160649041	0.23804115655998262	0.041381506242981335	7.328709755251079E-5	9.387796303740808E-6	0.005819506453381898	0.12214573075412476	2.888606822969232E-5	0.13660378340605242	0.024125183816142037	2.8357068004442314E-5	0.006326130315149691	4.8632614682730345E-5	1.726026180943685E-5	6.394165559178177E-4	0.013147816806828276	4.7286991137242457E-5	0.009708773281106912	1.0934999455524591E-4	9.252628110255764E-5	0.2677694580669919	0.024659748114473967	4.882368186911172E-5	0.044586188849861666	0.00866929317002047	5.651863132898661E-5
5	5	4.341884718022118E-4	5.022904987775003E-4	0.02912241369069279	0.07031473104604136	8.744050073243511E-4	8.224754264167139E-4	0.2920667053399211	0.006513565841289136	1.0254764055451918E-4	7.262558170537283E-4	0.0031272803940386082	3.1553711286550184E-4	0.0068085176906311435	7.329302892972216E-4	3.0975857622100937E-4	5.4735028217837E-4	5.312386132327777E-4	1.8854255744830376E-4	0.0012716561334191168	7.948971136204625E-4	5.165396876063872E-4	0.1289058896326681	0.06975065153240471	0.001010711301071861	0.08561314567764568	0.05798937084838615	0.12050661678274283	0.0014312820733358169	0.11755112336523342	6.173815560792259E-4
6	6	0.002069075555048115	1.6906503748680452E-4	1.8759552707682498E-4	0.0025148449314437906	0.07913456138639027	2.7683549487308355E-4	0.19060697351426725	2.6945632292041264E-4	3.451632220145381E-5	2.4444911308105043E-4	0.006821404132199725	1.0620605793842609E-4	0.008060465040301692	0.017553091346383706	1.0426107089049716E-4	1.8423162731551218E-4	1.7880863022340878E-4	6.346119351338868E-5	4.280244049809574E-4	0.027188612915507407	0.05593891390838207	0.14338070530395683	0.031168975251028224	0.04649058195574811	0.10765661864783697	0.02336440165494934	0.10401788524086361	0.0735532010547534	0.0780249740331185	2.078033253191839E-4
7	7	0.0013970023365272456	5.916426725600261E-5	6.564900741745743E-5	0.029143123786766697	0.019617961400925154	0.1905360310267524	0.1891760982323128	0.002786015642468126	1.207897825462877E-5	0.0027772643756878586	0.023920904418166463	0.002728886253384583	0.13404208188040967	0.06805224770654067	3.648613547933505E-5	6.447181154385021E-5	6.257403507832421E-5	2.2208228674743446E-5	0.017645963588797747	0.05460094936242872	0.012173580279957262	0.04546553260948804	1.4069715230722132E-4	1.1905061648750485E-4	0.044403705236620225	1.0120805966463941E-4	6.281987513650208E-5	0.11052908748078244	0.048838575758275576	0.0014185804564080635
8	8	8.548545305530834E-5	0.00797256445576132	1.0973307934857749E-4	0.3524117971303058	1.7215774498730387E-4	1.6193355885809712E-4	0.21160270894235447	1.5761714857888173E-4	2.0190152622360176E-5	1.4298930438478498E-4	0.08610128398846402	0.021433516596795744	0.014838220207919884	1.443034117844398E-4	6.098699976097651E-5	0.10921434501354552	1.0459322732402032E-4	3.7121312495410766E-5	0.04749239493700548	0.005780554282929017	1.0169922069279251E-4	0.01525642112642661	0.008108847621292697	1.9899448993110756E-4	0.011231944125823595	0.015916511838716577	0.001229814251126697	0.007030659409909456	0.0827590574364251	1.2155353137396458E-4
9	9	6.002966785460956E-5	0.0024390405868844737	7.705685669931158E-5	2.431341772909994E-4	0.10754254752581653	0.05461440561413353	0.20783171813953202	0.001690412265853512	1.4177946218171143E-5	0.00483960072293681	0.029657377943767195	4.3625267162199295E-5	0.03885485157614376	0.008789849059465333	4.2826343058998804E-5	7.567509911746808E-5	7.344754542086069E-5	2.606735976453132E-5	0.003335276008142929	1.0990022261798137E-4	7.141531361261088E-5	0.01861202815918659	0.005694201902104964	0.0032991985150000016	0.06712718854046329	0.002488390342717437	7.373610518557276E-5	0.41882639255222365	0.02336107121700859	8.535742461601015E-5
10	10	5.479290809232792E-5	6.338712085313576E-5	7.033470978441955E-5	0.005989606337653359	1.1034653454276818E-4	0.18178578443303203	0.1111165992149384	0.08950010160834143	1.294111614863061E-5	0.0029754918092892327	0.22893906028557967	3.981956488433388E-5	0.0073478511779694125	9.249297157258472E-5	0.0029229314662130323	6.907349147531283E-5	0.0015089608262524006	2.3793342506024455E-5	0.06288402267703468	0.0058679952061232435	6.518531344597614E-5	0.061687923176545915	1.5073942111714492E-4	0.008779071253332918	0.19753276149361126	0.022458200551888973	6.73036479945986E-5	1.8062226934069988E-4	0.007624894902689595	7.791116774642818E-5
11	11	7.102126923264375E-4	0.0033582769440633274	6.439239206541722E-5	0.04178626361726375	1.0102376674499379E-4	0.06742002548542257	0.1961157832398937	0.023854256397551232	1.1847769435046678E-5	0.010644691982414453	0.06570616240525282	3.645535812638468E-5	0.005406960527687792	8.467858482749716E-5	3.5787738964542364E-5	6.323772939475284E-5	0.018542749203134593	0.005302175395617406	0.15987878588240895	0.01725311273629781	0.001379776115053073	0.13172173002161466	1.38004008746751E-4	0.05028049832658019	0.14256111012857842	0.004059564991503126	6.1617413399224E-5	1.653621664009219E-4	0.03404270627885527	0.019212750700374835
12	12	9.656434071314752E-5	0.11192320198789459	1.239544516990882E-4	0.03596749183610835	1.9446933424573887E-4	1.82920096830379E-4	0.24919103410112223	1.7804428114522126E-4	2.2806790011566427E-5	1.6152067297362156E-4	0.04262482245891748	7.017605315017945E-5	0.0015142272647190283	0.001433590220401859	0.002610061159877265	1.2173174225083219E-4	0.007741659269232228	4.193222284505954E-5	0.2887056437316204	0.0217767338738235	1.1487940750441608E-4	0.20273907776572814	2.656557814951373E-4	2.2478411283980722E-4	0.021581696454238214	1.9109488531159354E-4	0.00138919778880798	3.1831985131373995E-4	0.008355401232613762	1.373068305655182E-4
13	13	8.606630253309315E-5	0.025013528763691846	1.1047868458967158E-4	0.09434217649185316	1.7332750817739646E-4	1.630338515948942E-4	0.24588162261574553	1.586881125285346E-4	2.032733899955006E-5	1.4396087626996853E-4	0.07309688347357077	0.061215001583879235	2.1715446238991114E-4	0.005807548241703061	6.1401389176915E-5	1.0849761805513127E-4	0.06012530579660429	3.737354131571889E-5	0.23240490945638534	0.010349642977747257	1.0239023813633711E-4	0.13426763510333745	0.004766586350228372	2.0034660121352372E-4	0.01244071487551603	0.0013027727798714456	0.014827604880874007	0.0059459778864840735	0.016506662744283862	1.2237945324368652E-4
14	14	5.065344268183591E-4	5.859838443856002E-4	6.502110062501876E-4	0.2753139421455629	0.00102010133376804	9.595190700548061E-4	0.12745391081369806	9.339426669528578E-4	1.1963447604735296E-4	8.47267023207352E-4	0.023643165239331028	3.681129762423892E-4	0.0012780403932820066	8.5505361864168E-4	3.6137160023367687E-4	0.040628165211542534	6.197553918018932E-4	2.1995815750596256E-4	0.0014835437891242093	9.273455652934218E-4	6.026072813601191E-4	0.0037560428484326065	0.0013935143968968387	0.0011791194442410003	0.3131562372677414	0.034327078420922634	6.221902787543795E-4	0.008334702739244878	0.15713269680886277	7.202517637991887E-4
15	15	0.0018917135292206711	5.407029495673649E-5	5.9996706784512196E-5	0.01125915048766766	9.412747557986026E-5	0.36170348927032	0.1402937185689073	0.00685108294761337	6.26030407510463E-4	6.931710067300777E-4	0.02493630037291007	3.39667678444229E-5	0.17662046423944483	0.04435827994504111	3.3344723068448694E-5	5.8920866060712185E-5	5.7186485867868106E-5	2.029612687864737E-5	0.008746770355880127	0.052974830322824865	5.5604183900977574E-5	0.010801434160055932	7.435747113675343E-4	1.0880050149877612E-4	0.09162488701155	9.249416737280442E-5	5.7411159392520114E-5	0.061038223937473546	0.004044199711657207	6.645955461888983E-5
16	16	0.018808876529053924	2.721665719406839E-4	3.0199757605051965E-4	0.16192417616006433	4.737971630171267E-4	4.4565907150962894E-4	0.15825661477540348	4.337798328215233E-4	5.556553400523758E-5	0.22018125377848285	0.017172529030643615	1.709740768294046E-4	5.935997655464287E-4	0.003492740806615793	1.6784297139700458E-4	2.9658225730692635E-4	2.8785213456752033E-4	1.0216195936520251E-4	0.0037846499041746086	4.3071573718032777E-4	2.7988750810398476E-4	0.048178562724883904	6.472329228650697E-4	5.476548545193365E-4	0.20736085850327002	0.009752381344863519	2.889830443038052E-4	0.006966745218133573	0.13179842577398695	0.006525732469093698
17	17	1.8223692662673415E-4	2.1082060606325553E-4	2.339277434352972E-4	0.029512392231945735	0.00516271896133366	3.452081381020007E-4	0.16334937209246153	0.002733863972413658	4.3041140106528786E-5	3.0482298964618645E-4	0.01330186492802706	0.16798246239952772	4.598032059527804E-4	0.0027054818981703753	1.3001139964053315E-4	0.02900402313991607	2.229706647418559E-4	7.913479615224623E-5	0.012523025128744347	3.336330104974405E-4	2.1680125397940576E-4	0.14042705474821612	0.007694920051866187	0.022004931796264556	0.04552484964675246	0.002758493167583815	0.045783139343054904	6.007355402551489E-4	0.3059091326285066	2.5912645001583784E-4
18	18	1.858011235818644E-4	2.1494384374136033E-4	2.3850291141198465E-4	0.017865822254545017	0.03949026022575274	0.0443575479382902	0.08097774400411584	0.01256635259246967	4.3882940412057645E-5	3.1078472962754576E-4	0.05756761152964748	1.3502696158385004E-4	4.687960550802942E-4	0.014982170320832915	0.2054919657951788	2.3422615759342147E-4	2.2733153374391085E-4	8.068251759768304E-5	0.015212705845474926	3.401582179960369E-4	2.2104146140391166E-4	0.09916794438419974	0.04207198620448282	0.046882854118259126	0.1833215008591618	0.024815237988040646	2.2822467092790922E-4	0.015281014151465246	0.09675368420809749	2.641944552836828E-4
19	19	0.0077005068344789054	1.11427205346823E-4	0.002658369346814632	0.001657481326458615	0.097781046220848	0.06355068359568085	0.1813890815581536	1.775929871271941E-4	0.011429029868290825	0.011567392149139094	0.026041041022189817	6.999817586711413E-5	0.016718763625245905	1.625919145378948E-4	0.012742361706217358	0.008992974986506698	1.1784900209922459E-4	0.0013091904790549773	0.019292570015762348	1.7633852148220592E-4	0.0140555981927117	0.11097494202992635	2.64982416058899E-4	0.09654391961665622	0.11911406251418905	0.017933714114034893	0.026732967409462523	0.06495310469150309	0.08564345967920688	1.3695879494836775E-4
20	20	8.425345428369342E-5	0.13091221748012064	1.0815162877270579E-4	0.024730436654128708	0.004604074912658085	0.00237679894055111	0.009005212075433457	0.001263945170066318	1.98991762943366E-5	1.409285719319529E-4	0.3032545247703939	0.22178114286639414	0.002429779587717522	1.4222374068597528E-4	6.010806766078175E-5	1.062122902187268E-4	1.0308585123865216E-4	0.0033623850300416366	0.0656541369529163	1.542482861064307E-4	1.0023355243591784E-4	0.006167752182847561	2.3178760478351164E-4	1.961266222601642E-4	0.20285779682080687	0.005709730236099203	1.0349085359520637E-4	2.777375876248562E-4	0.013941777305057646	1.1980172687406574E-4
21	21	9.475836222042004E-5	1.0962111643700111E-4	0.001368458439615023	3.837935018348636E-4	0.08497474363082932	0.00391996574038437	0.12358882444244387	0.005162003339225322	2.2380249821421134E-5	0.02135447769122601	0.0892068833840228	0.0038093302733957926	2.3908545620408974E-4	1.599565127725936E-4	0.0025612469259206107	1.1945507462421508E-4	1.1593882428347042E-4	4.1147992434007584E-5	0.022720329425900826	1.7348030524109938E-4	0.005100019796109312	0.18024505056307527	0.0015075096239007043	0.13986466936973688	0.08227235741661235	0.023877143247576685	0.048742461113664794	0.01901469990826763	0.12914089159660916	0.010109316675610098
22	22	4.9157815693993765E-5	0.014286781244601286	6.310124468383808E-5	0.09592760677565636	0.007860768882879185	7.39932998326189E-4	0.13202969492434244	9.063664592197386E-5	1.1610206953005738E-5	0.3066721703434797	0.0993166407539671	3.5724382949354565E-5	7.708446435625444E-4	8.298067410281439E-5	3.5070150380323226E-5	0.003942855118454409	6.014560849677699E-5	2.134635277405524E-5	0.03442512819510743	8.999641479390209E-5	5.8481430095534265E-5	0.14719134430692093	0.030535505698589954	7.612446291829167E-4	0.09119151563039794	0.02338259259499913	6.0381907784068975E-5	0.0014556749110657278	0.008781167000362845	6.989851347421027E-5
23	23	0.3657294439956389	1.2909746930805005E-4	1.432472861280861E-4	0.059185773140495605	2.2473742559455558E-4	0.042793389199969556	0.16169860862706084	0.04278775449016296	2.6356542501442603E-5	0.05011038296690563	0.07275266008493514	8.109857312222276E-5	0.025243424942857664	0.0031250654990946074	7.961338783816214E-5	1.4067862407561807E-4	0.003073227200293832	4.845874465609933E-5	0.01941532005901533	0.009014371175493148	0.061803240473886516	0.005232524089124859	3.070036551474188E-4	2.5977053415701337E-4	0.04109256238060301	0.003157527319852436	1.3707406984825478E-4	0.020924691504596964	0.011124218647687409	1.5867788994870045E-4
24	24	5.208901224520664E-5	0.013082529623624632	6.686386407982368E-5	0.11055758060497815	1.0490120326026609E-4	9.867128065417127E-5	0.19541839532428687	0.03710670468616971	1.2302503754624535E-5	0.0035140412323604047	0.0682280588024802	0.16041739653854475	8.168087924742204E-4	8.792866990599667E-5	3.716132352123804E-5	0.0028071955158006255	6.373198835738364E-5	2.2619199314303958E-5	0.09679151366918343	0.002836893379220922	6.196857784174651E-5	0.13951892886215936	1.4330079978919276E-4	0.033019621271577794	0.023978548135703763	0.004215376896378028	0.004176278325759304	1.7170900262477752E-4	0.035349313987687946	0.0672415669262611
25	25	2.4123968159207027E-4	2.7907788405539397E-4	3.096664072779854E-4	0.004151287650171571	4.858286187882241E-4	4.5697599745682507E-4	0.05117796277519454	4.4479510112695533E-4	5.697654765615144E-5	4.0351537048694566E-4	0.014434392230465679	0.18745374042737217	6.086734508328208E-4	4.072237774654454E-4	0.006520526298781972	0.03204621945308567	2.951617609139742E-4	1.0475622795002021E-4	0.061016546693561	0.009964284960641551	2.86994883237242E-4	0.14145410100658945	6.636685516380678E-4	5.615618292213737E-4	0.057090195954665975	4.77398478009444E-4	0.051083690795732356	7.952353737232776E-4	0.37638527812632183	3.4302368598403365E-4
26	26	1.4447579761943494E-4	1.671366817878132E-4	0.019195454643617195	0.015793159793613107	0.011696956726255333	2.736779094127351E-4	0.23405690770243384	2.6638290429018056E-4	3.412262905463397E-5	2.4166092666870598E-4	0.025753598032443054	1.0499467171607394E-4	0.002265527732408479	2.4388185090712462E-4	1.0307186918904946E-4	0.25871811438297615	0.002077769022211561	6.2737355184687E-5	0.02893814060540391	0.0021655011353755582	0.04959787504628174	0.07711130905445979	3.9746381159208415E-4	3.363132161920982E-4	0.03228969189018724	2.8590870887215545E-4	0.02108846234150535	0.002377257620448176	0.21400701281715645	2.0543312073634771E-4
27	27	0.010740755319069109	0.0011756050706471994	5.492952851631513E-5	0.0018624689078928533	0.049071589612120825	0.049629522361881485	0.10029231127085192	7.889904948371613E-5	1.0106665836795958E-5	7.157673073023016E-5	0.04873057286027003	3.109801592308269E-5	0.10990285704948105	0.4161667104846983	3.052850756018167E-5	0.005684451667720507	0.002304559498930827	1.8581964576082443E-5	1.2532910099424658E-4	7.834172935187637E-5	5.09079876031401E-5	0.031848148637657996	0.006874331999496676	9.961147152845352E-5	0.13118272811812354	8.46823313577076E-5	5.256235026920215E-5	0.02604139390306855	0.007643991264668315	6.084653968977996E-5
28	28	0.008963755643367901	0.10903060548169086	8.12711000525238E-4	0.044217455523268584	0.0012750438974955666	0.0011993209834212375	0.05100887384800439	0.0011673525547803616	1.4953338807117245E-4	0.0010590150328490973	0.037882666882445064	0.03378262618968394	0.001597446793043406	0.0010687476453476359	4.5168517906372046E-4	7.981377407930719E-4	7.74643953594383E-4	0.008605558559158514	0.04350745291055898	0.001159106712986438	7.532102069178635E-4	0.2879361249196046	0.0017417799281493269	0.051457575889455036	0.07485599653188016	0.0012529192240215703	7.77687364721385E-4	0.002087073447561687	0.10476620566210988	0.12585968690542895
29	29	4.194164690909879E-5	0.046957003861736825	5.383823684374058E-5	0.010655299237597565	8.44655914527647E-5	0.11321167472575236	0.017727572558278677	0.017185131493518156	9.905875468425814E-6	7.015470705178532E-5	0.10901939767864435	3.0480187830850455E-5	0.018317352218840965	0.18549727622745643	2.9921993960366955E-5	5.287282772716823E-5	5.131647611049022E-5	1.8212794409330857E-5	0.017782503627736646	0.029877469073013738	4.989659237657568E-5	0.07370898516256164	0.04592013931377208	0.016101703390877468	0.2615758527164338	0.014983341821304359	0.004466434201453422	1.382586854459821E-4	0.016321959381403572	5.963769403131574E-5
30	30	0.001045635725026034	0.0156339274250505	9.480397392354064E-5	0.08581581537683389	1.4873580932387728E-4	0.021519073737714774	0.23140333997321008	0.03414849114367407	1.744329708129487E-5	0.006925999252439043	0.0743872670892246	5.367268881199492E-5	1.8634459729726242E-4	0.003040012554402898	5.268976291686968E-5	9.310398101740753E-5	9.036339501880501E-5	3.207098500027783E-5	0.2538510199475773	0.00888123611015582	8.786311587936762E-5	0.09481035862130183	0.00603386431008681	0.027381775589264676	0.039829041989281826	1.4615493252297264E-4	0.0049496209411571705	0.01676372888486526	0.0015315516248658747	0.07104499316507375
31	31	7.509582266616533E-5	8.687452724511226E-5	0.013929856014037355	0.05168557678907626	0.005091755505491766	1.4225266855450775E-4	0.22046883679075827	0.05448419478607142	1.7736305613899094E-5	0.002101819344950424	0.013386239513654618	5.45742704176072E-5	0.00216568327777652	0.029769892829004108	5.3574833557103853E-5	0.0010827721736730229	9.188129875295563E-5	3.260970610388045E-5	0.070375343475261	0.03472113167484198	0.00799417304594888	0.135927131564767	2.0659426979015449E-4	0.03969897945907746	0.007890640812705848	0.005089131275710015	9.224228080889323E-5	0.001235654134730671	0.027247988863061224	0.2747997626858919
32	32	1.8950751906900688E-4	2.1923158364881587E-4	2.4326061199789225E-4	7.675497197634969E-4	0.03778449597903463	0.015320120654717237	0.11999595306318965	3.4941190252088305E-4	4.475832549676694E-5	0.005304030976043361	0.031287224387152986	1.3772050461205695E-4	0.037880997596005696	0.4341929564393489	1.351983829656629E-4	2.3889854469603486E-4	2.318663856033097E-4	8.229198751557397E-5	5.5503177676012E-4	0.01780160704881701	0.04510887072940559	0.0014052319527308194	5.21349472338159E-4	0.0178958021136331	0.1595496757690177	0.015336163677147132	2.327773392545304E-4	0.0031182260369014368	0.05380032486503122	2.69464655581261E-4
33	33	0.0039648301862705215	8.55224457666397E-5	9.48961921931621E-5	0.003217599207768429	0.0020943320514247186	0.1013035199762567	0.14602856319836352	0.0030544832542961577	1.7460264626079725E-5	0.004014559006057622	0.030686965335484664	5.372489762016328E-5	0.08286821728463187	0.022497485282435403	5.2741015607678583E-5	9.319454566010087E-5	9.045129382284116E-5	3.210218127422481E-5	2.1651841507821644E-4	1.353430842413331E-4	0.047751511874737286	5.481822986759228E-4	0.005067007823990895	0.009899346481822488	0.12838583083925018	1.4629710119392706E-4	9.080665769393943E-5	0.3883612839185416	0.01806937968964515	0.0010778441955684999
34	34	1.6592452821356872E-4	0.0023751700247676933	2.129883947454169E-4	6.720330979893215E-4	0.21210653151851463	0.004680748655616602	0.07886458433352626	3.0592984047705105E-4	3.9188440005782174E-5	0.006827198864512491	0.0011950859077824	1.2058207434381098E-4	0.0026018656851081188	0.022112292308220337	0.1180122754400065	2.091691586398935E-4	2.0301210647903279E-4	0.008804932881286325	0.011402063647339556	0.00467020964125574	1.973949322374371E-4	0.03834510668996428	0.04193765849549663	0.011302343938022376	0.01525118284151833	0.08984039084559746	2.038096978123254E-4	5.46962478697423E-4	0.32655743201803844	2.3593151378479933E-4
35	35	1.3892958980585635E-4	1.6072055683303757E-4	1.783364438879193E-4	5.626972916230972E-4	0.18856619478766107	2.6317182753189986E-4	0.17023111527449264	2.561568666456636E-4	3.281271282644215E-5	2.3238392843224616E-4	0.013796816073258212	1.0096408473714123E-4	0.018630767842977576	0.022170799995887586	9.911509569704724E-5	1.7513857488551888E-4	1.699832386592762E-4	6.03289628085112E-5	4.0689856240701613E-4	2.543474484128104E-4	0.007477373412459903	0.017482397914174944	3.822057757563975E-4	0.06247619712933414	0.2284766629636077	2.749331050599941E-4	1.7065106660466847E-4	0.2088526387325179	0.05772171388772274	1.975468532910763E-4
36	36	0.03369764707181028	0.015688941178050413	2.514102781093968E-4	7.932640098356835E-4	0.08801449991073174	0.023564554602450914	0.1240160323689395	0.005515239474874192	4.6257809550156784E-5	0.04671469869511367	0.04264364572636099	0.0027193952120957263	0.023687713905641037	3.3061462509054363E-4	0.22176695863158308	2.4690207374172314E-4	2.3963432472682355E-4	8.504891645855403E-5	5.736263351833691E-4	3.585669947645057E-4	0.002810064668469145	0.13030535093758602	5.388156132479824E-4	4.5591776292811984E-4	0.07727480760002876	0.018427013446937684	2.4057579695661532E-4	0.008376813840903804	0.1303374959837529	2.7849220407669063E-4
37	37	5.621132268026626E-5	6.502801234869206E-5	7.21554523197222E-5	0.005405034589341609	0.001592450371144937	0.02969142639611635	0.10141945333169176	1.0364182538728239E-4	1.3276120596623987E-5	9.402322431864157E-5	0.06918986710170767	4.085036711191642E-5	0.1184816123507289	0.4039294042728106	4.010226068109603E-5	8.104852424896611E-4	0.0022876466930554936	2.4409276671254205E-5	0.0031231269907330715	1.0290972942203409E-4	6.687275444391165E-5	0.044794236398581405	0.05710566320796408	1.3084967190704839E-4	0.10723480630943694	0.006028228006312053	6.904592595466134E-5	0.013498523840530775	0.03444873091276555	7.99280407459162E-5
38	38	4.1072376612016545E-4	4.7514537750843245E-4	5.27224013059284E-4	0.1421744774742475	8.271498232827075E-4	7.780266557446653E-4	0.17360156078480432	7.572880128219669E-4	9.700569193019872E-5	6.870070112844152E-4	0.008362541120188787	0.011107019280679815	0.0010362998757648463	6.933207772057751E-4	0.016505820350043915	5.177700097612085E-4	5.025290584748982E-4	1.783532136347718E-4	0.01741573439192148	7.519387486938392E-4	4.886245020822969E-4	0.06249253026485039	0.0011299320459443962	9.560897605442424E-4	0.005326639967321996	8.127970470448468E-4	5.045033881280349E-4	0.0013539317640118213	0.5489439992164851	5.840166064139524E-4
39	39	5.796921417057418E-5	0.0038808308252933524	7.441196310018614E-5	0.07727292665684254	1.1674324500374627E-4	0.023755179068778567	0.2571419024240144	1.0688300659777619E-4	1.3691303486979635E-5	9.696360390837639E-5	0.08660871220193174	0.04351909673331495	0.0016717701903760085	9.785472363192095E-5	4.1356374966831505E-5	7.307763285888447E-5	7.092653754335087E-5	2.517262572085828E-5	0.2648453632302965	0.011547435609666904	6.896405990276135E-5	0.15374337378831607	0.013889046791171412	8.976955611698506E-4	0.01066759749379625	1.1471750598324984E-4	7.120519280498115E-5	1.9109281437924345E-4	0.004253135462378983	0.04508490415859264
40	40	1.5414582720268806E-4	1.7832344582695148E-4	0.008310817849088808	0.07161263157779538	0.08143992313551011	2.919956728299347E-4	0.15033913799441548	0.002312449684527925	3.640651907534077E-5	2.5783573482694375E-4	0.0011102487848950158	1.1202215727633917E-4	0.002417163650361863	2.602053095898208E-4	0.02850529264618319	0.2192439473601633	1.886006211516329E-4	6.693648120168967E-5	0.03493149789424541	2.822048052346081E-4	1.8338220058817102E-4	0.0335948152772716	0.002452304076886114	3.588232753397427E-4	0.012140289937940392	3.0504510208443644E-4	1.8934159282811604E-4	0.05932701580057152	0.28714977516468915	0.0022474204203983147
41	41	0.012369388783957191	0.006831579946425552	6.762357591085769E-4	0.04516701027040747	0.0062555830127758606	7.048291947192939E-4	0.17135944306615314	0.02904435997526554	1.1059397047736376E-5	7.83240979079885E-5	0.11925000001067398	3.402955149046776E-5	0.0013504024891071067	7.904391591867831E-5	3.340635693659248E-5	5.902977447426382E-5	5.7292188480013104E-5	0.13310401519606221	0.05065965231367358	0.02226634040912257	5.57069618107464E-5	0.07859549645092366	0.001977205433999821	0.14736363073368788	0.14170062561220562	9.266513215497466E-5	6.736454326309492E-4	0.004467255750856339	0.0028194186368952936	0.022863324145126818
42	42	9.826133482694075E-4	8.028975169847711E-5	8.908996509653158E-5	0.4276631560857635	0.0019661902659084797	0.01108998464418211	0.18640711401891058	1.279660276451491E-4	0.0018428109934049757	0.012901023240576775	0.09912651508016695	5.043773773401171E-5	0.023005351214349875	0.001030366404333586	4.951405457955018E-5	8.74924338707425E-5	9.981265458646777E-4	3.0138008102808773E-5	0.06230151794244975	1.2706211253001295E-4	8.256744525581201E-5	0.08179028883397337	0.0020173542056771848	1.6155941551634125E-4	0.015511444385229493	1.3734590754243002E-4	8.52506489198066E-5	0.015753348297876786	0.017877013530038805	0.036627067454531946
43	43	0.0019042932892301934	1.5560060895025468E-4	1.726553205997794E-4	0.00939371923665668	0.03566666441889868	2.54788170408438E-4	0.13826135499532966	2.4799667959252137E-4	3.1767424141071124E-5	2.249810571019443E-4	0.013357301796831174	9.774775160544331E-5	3.3936748489407685E-4	2.2704868917548901E-4	0.41422669356841696	0.04264450659579738	0.0019343576865103692	5.840711067280213E-5	3.9393631616948345E-4	2.4624490256769355E-4	1.6001475268623668E-4	0.04170252754243467	0.0021398196178026093	0.0038526792155904543	0.06191721003357982	2.661747782043875E-4	0.05502868833025327	0.023450648681922582	0.14968176071514233	0.0019610432288335814
44	44	6.701700818566421E-5	9.59332479085415E-4	8.602612975781733E-5	0.0020350423783847796	0.0010167683685317125	0.3043493016124118	0.17382388014444264	0.0010053691510777535	1.5828232467658426E-5	1.1209761473940639E-4	0.03134583306516705	4.870316613431667E-5	0.17300265943582308	0.03891250031218077	4.7811248769496526E-5	8.448353819463748E-5	8.199670144116572E-5	2.9101551368722155E-5	1.9628017563193379E-4	0.05214912369824228	0.010661374965052685	0.0066695704748454265	0.0019479766826378563	0.014264866054705908	0.08375870612092015	1.326225333139148E-4	8.231884901926995E-5	0.08134687911180168	0.021671236327510945	9.529286815401077E-5
45	45	7.29338356693915E-5	0.013519571683346089	9.362124303801037E-5	0.1480825798057809	1.4688024960215544E-4	1.3815725540431944E-4	0.18725120630088532	1.3447461295774683E-4	1.7225682509355447E-5	1.2199453890398398E-4	0.05714507636974078	0.06818865135369154	1.8401984759053682E-4	1.231156991682496E-4	5.203242960715728E-5	0.0039305705294900494	8.923606275848955E-5	3.167088210459333E-5	0.18158878580325305	1.3352472307297475E-4	8.676697595454482E-5	0.21646364635606194	2.0064648056518152E-4	0.004968061710524466	0.004784500494520607	0.0030233026239061267	0.0144844419185952	2.4042299211659695E-4	0.05429358066603817	0.04040930087314238
46	46	2.3381781185177053E-4	0.012576709006921876	3.0013935218242205E-4	0.019406342414249645	4.708818376411109E-4	0.028131905370111353	0.2649622443181284	4.3111073842219113E-4	5.522363324271342E-5	3.9110100110045684E-4	0.220119446835199	1.6992205477497194E-4	5.899472817521515E-4	3.9469531692547466E-4	1.6681021537418752E-4	2.947573544829057E-4	0.0033626352254970855	1.0153334573926971E-4	0.028373796753365713	0.2342461904999067	2.7816532988407023E-4	0.10326009177301605	6.432504284317858E-4	5.442850747500542E-4	0.058410339366000694	4.627110547189636E-4	2.87204900262308E-4	7.707695258258612E-4	0.02023150180413692	3.324703761039618E-4
47	47	2.541471466107554E-4	0.08055111102659183	0.010358372670379538	0.08463050234663524	5.118227498561339E-4	4.814263766922228E-4	0.08066859311693514	0.007156685507622754	6.002506268860285E-5	0.31810946408987556	0.11887212287333054	0.01690492536780748	6.412403619752091E-4	4.290121773991685E-4	1.8131356173049524E-4	0.013696568615291591	0.013687137838208395	1.1036118207212322E-4	7.443490529286971E-4	4.652837336680685E-4	3.023504681537829E-4	0.045357142744096364	6.991779610260106E-4	5.916080455762785E-4	0.07352097523487001	5.02941556636534E-4	3.1217598572244723E-4	8.377842309436711E-4	0.12900000183758173	3.613770770936532E-4
48	48	3.051727265837657E-4	3.5303876312698675E-4	3.917338193151057E-4	0.18996151239636969	6.145823243902869E-4	5.780832166867664E-4	0.0888336997417843	5.626741541283671E-4	7.207640254209797E-5	0.42213123355393084	0.07447588105413802	2.2177770098741735E-4	7.69983343386685E-4	5.151457242801948E-4	2.1771621180014273E-4	3.8470938050344576E-4	3.733851693341976E-4	1.325185951961105E-4	8.937933517711237E-4	5.5869958617332E-4	3.630539157367945E-4	0.002262910034410493	0.061071093040474984	7.10386257509E-4	0.09229734972751533	6.03918038025925E-4	3.748521201491319E-4	0.005021423669417511	0.054513664577157735	4.3393140317426934E-4
49	49	0.03964635297708845	2.476359392433217E-4	2.747782465025708E-4	0.12198046500251651	4.310933728486618E-4	4.05491394364352E-4	0.09329413369193328	3.9468284278857004E-4	0.005683741966391155	0.507344668465349	0.08322296789498734	1.5556402022485298E-4	5.400980525548961E-4	3.6134444316932214E-4	1.5271512431124597E-4	2.698510156019885E-4	0.0030785000506307466	9.295400453459677E-5	0.006260128102327432	0.02010804104136729	2.546609800666798E-4	0.010037075276292357	5.888972022538572E-4	4.982942001768589E-4	0.0703743498178212	4.2361300285527216E-4	2.629367269142943E-4	7.056412203999279E-4	0.032604946553454146	3.0437737102987977E-4
50	50	0.00773377342763384	1.6681955782788376E-4	1.8510393007712948E-4	0.14288852089972376	2.904053670920636E-4	2.731586348797612E-4	0.16151187808331396	2.658774712484187E-4	3.405788501919388E-5	0.4328467925711774	0.06365259212423718	0.0020021883949104696	0.004158622075428299	2.4341911120517949E-4	1.0287630135220526E-4	0.005873963526822942	0.015355577253341478	6.261831776992652E-5	0.004217125370280172	0.004058785268154336	1.7155196543986587E-4	0.039017139814252776	0.03265238963539636	3.3567509787028757E-4	0.05120235505021302	0.002182759167049823	1.7712690918201006E-4	0.008064925846653673	0.018169484669719866	0.0021024362727267336
51	51	2.7532308637075414E-4	3.185072367400945E-4	3.534174412536632E-4	0.001115122813207967	5.544686259294549E-4	0.6344900217410752	0.09825805822450506	0.004130314753082091	6.502644526769104E-5	4.605257993515609E-4	0.020096423783378482	2.0008511837739775E-4	0.0803935644172807	0.011332789269177497	1.9642089270815216E-4	3.470800788186297E-4	0.003959540555489395	1.1955664924367018E-4	8.063693860917182E-4	5.040519057559992E-4	3.275427844375376E-4	0.027400308930748483	7.574345678053958E-4	6.409017579068017E-4	0.08326953550302035	5.448474377300836E-4	3.381869795751597E-4	0.02264365197556447	0.005709434256885975	3.9148758322064104E-4
52	52	9.487665654447092E-5	1.0975796510731111E-4	0.0026185455257704254	0.00288103008496816	0.03764243248723721	0.08007596197863466	0.18865880415305292	1.7493254743075617E-4	2.240818884930932E-5	1.5869772735333985E-4	0.0019317361378767617	6.894956505895345E-5	0.026455337292029032	0.013892322248266373	6.76868686214513E-5	0.0026163616632869984	0.0013644622915900012	4.1199360712616165E-5	2.7787583054032815E-4	1.7369687436453885E-4	0.0038580078206101372	0.11305761313651833	0.017738315079526536	2.2085549295996264E-4	0.10234912418572747	1.877550622436405E-4	0.24105363485404516	0.029025467309176503	0.13304724453430916	1.349070775875016E-4
53	53	3.544706960028547E-5	4.1006906967900434E-5	0.01170573737693715	0.002475616088001991	7.138626925033551E-5	0.12926256029521258	0.046698336192623334	0.03784452117180977	8.37197113270427E-6	5.92913957108535E-5	0.019378097457860222	0.0014249886993344086	0.07611417467392478	0.10780041582739405	2.5288635059830067E-5	4.468557966907711E-5	4.337022588245854E-5	1.5392580850304833E-5	1.038177805178376E-4	0.028982280240749846	4.217020820910716E-5	2.6284632439758877E-4	5.63926996091465E-4	0.018272482263245637	0.3619270221632374	0.007532698531493512	4.354061826391173E-5	0.1335099480782792	0.01566017545788001	5.040292041250228E-5
54	54	4.60496712827871E-4	5.327251610611104E-4	5.91114868348493E-4	0.03822017159000447	0.013045737518487675	8.723106550353807E-4	0.1946392068770652	8.490588306166799E-4	1.0876118195308014E-4	7.702609307824046E-4	0.003316767798021698	0.25482002240128326	0.0011618823298236527	7.773398210054268E-4	3.2852739163695524E-4	5.805151957681781E-4	5.634272925430645E-4	1.9996668168715214E-4	0.0013487080088889658	0.012961412102056105	5.478377332326607E-4	0.12459817279420583	0.001266861174826763	0.007131127460560376	0.005972140883251671	9.112946443202565E-4	5.656408783890854E-4	0.001518005964471685	0.3306857153304629	6.547897873818934E-4
55	55	0.008202219992408059	0.010384937876476133	5.307666748150879E-5	0.040427770569094905	8.327078251427898E-5	0.11215429586383491	0.19429569233829017	0.00116435387562561	9.765751799726704E-6	0.0011572785504194787	0.008458686812553249	3.0049030003850688E-5	0.20684640765717305	0.047402853414799585	2.949873207080622E-5	5.212491457004833E-5	5.0590578342016166E-5	1.7955165128806127E-5	0.02133936779149788	0.029998895119497136	4.919077958883417E-5	0.06940198526221839	0.04200622683327958	9.625141694214894E-5	0.060382635176727935	0.022932266428851423	5.948474467186145E-4	0.08609748413105221	0.034589052626351056	0.001690968414688532
56	56	2.921905415674445E-5	3.380203353921292E-5	3.750692864899453E-5	0.013574505378126137	0.009285925863096494	0.0461907595871773	0.03772456071063398	5.387377425932706E-5	0.02538137677562566	4.887395550154143E-5	0.04788371026257344	2.1234317786032288E-5	0.2203703077251686	0.1161567727707453	2.0845446624941045E-5	3.683436704640227E-5	3.575011963300883E-5	1.2688119456664547E-5	8.557709806734705E-5	4.379549792671877E-4	3.47609438906388E-5	0.009443746573899505	0.05505841461606854	6.801661066741828E-5	0.3479323647593404	0.05080677421257023	3.5890574239770945E-5	0.010476786603979537	0.008679618661593983	4.154717661566935E-5
57	57	1.779694722718498E-4	2.0588380576653666E-4	2.2844984175022354E-4	0.012429351528845911	0.0050418232245452894	0.09868880656395938	0.09161471402700638	0.01906179192742666	4.203324283682226E-5	2.976849292173093E-4	0.01299037426328675	1.293354778070605E-4	0.4711320864346294	3.004207280236137E-4	0.0024686736327223994	0.004907766793713197	2.1774934570472664E-4	7.728169131387014E-5	5.21239014100209E-4	0.037793127804073096	2.1172440444860885E-4	0.008344795440284672	0.030931794779632298	0.002755987079833101	0.11470999274674015	3.5219062897949793E-4	2.186048365125232E-4	0.06381274948233195	0.020082538383710814	2.530584685257265E-4
58	58	1.4642426519658597E-4	1.6939076455310784E-4	0.0021145946043959404	0.02371270426222249	0.01570798260411244	2.7736885656000636E-4	0.13702834992155755	0.004123250765044672	3.458282264730227E-5	2.449200779455071E-4	0.05307385007535196	0.030932613057950874	0.013855907581856236	2.471709545976945E-4	1.0446194419497003E-4	1.8458657490478208E-4	1.7915312966231215E-4	6.35834602380439E-5	0.013915312593911593	2.680684387718707E-4	0.0329270361413791	0.134023759725325	0.0427888524645022	3.4084889212062855E-4	0.09052429510403186	0.046529068175384464	0.1177047535557057	4.826807699599902E-4	0.23423294943145806	0.00406147898445711
59	59	7.010808750597409E-5	0.035135195171605	8.999398206724894E-5	2.8395413112220814E-4	1.411895219481625E-4	0.06193870125330398	0.01764055799411559	0.0010517406003009782	1.6558290752598433E-5	1.1726798310048112E-4	0.12503922921901942	5.094954140153737E-5	0.12194373156521215	0.10343566566534516	5.0016485415396155E-5	8.838024031384543E-5	8.577870119048652E-5	3.044382560715997E-5	0.0011278094349675462	0.04163977464016974	8.340527667329154E-5	0.018046909286093954	0.11919228580278234	1.6319879715991577E-4	0.3099387093566126	0.038882734574065304	8.61157074401985E-5	2.3110804491573405E-4	0.0032987986821070778	9.96881376848116E-5
60	60	3.3807198003178486E-5	3.910982315307003E-5	0.0013778929274959404	5.817591974558178E-4	6.808375886831753E-5	0.10015127376611029	0.058772581135991965	0.004510654828333872	7.984662454522004E-6	5.654842494132403E-5	6.883314450745241E-4	2.4568652428097373E-5	0.0819344144790209	0.19444871698528476	0.004027608054399127	4.261831109861703E-5	0.0013758602542294279	1.4680480910105983E-5	0.01566814010117071	0.083245504796607	0.012050687314871739	2.506863848978197E-4	9.300615050409002E-5	0.04233775107120939	0.294027660509237	6.690236351651626E-5	4.152631852019212E-5	0.08373988775934656	0.020273681691747595	4.807115311755385E-5
61	61	1.0856524085061384E-4	0.0029825774388843184	1.393593618910822E-4	4.3971458547036263E-4	0.024503000463455667	2.0565318648837284E-4	0.07874283481146079	2.001714102934231E-4	2.5641190447209934E-5	1.8159426796922088E-4	0.036494248739419824	7.88974486433521E-5	0.08455494522140215	0.5315822590286159	7.745257328779635E-5	1.3686041678558333E-4	1.3283182705282692E-4	4.7143509073382826E-5	0.0031749509606417126	1.9875745717858477E-4	1.2915648211736468E-4	0.016518441734347585	0.12029199280925557	2.5272001206261627E-4	0.0856889964835701	2.14843927851194E-4	1.3335369501370981E-4	3.578802596298628E-4	0.012250784298494117	1.5437115834572576E-4
62	62	2.733426222866261E-4	3.16216138847747E-4	3.508752260027242E-4	0.004703719739121403	0.06528960902731387	5.177880216162623E-4	0.24501261376121697	0.004100604422094416	6.455869466577544E-5	4.5721312834582495E-4	0.1638165961766019	1.9864585879354526E-4	6.896725947774669E-4	0.018444506371501346	1.950079907662604E-4	3.445834497147012E-4	3.344403756235761E-4	1.1869664998619077E-4	8.005689803620492E-4	0.011290280945398499	3.2518669171336875E-4	0.030799830295521684	0.07628096979138821	6.362915999657429E-4	0.03591452055290758	5.409282212343752E-4	3.35754320637629E-4	0.33538656015344787	0.002071746677712888	3.886715204335687E-4
