0	0	0.025064739200448334	0.08979428100994756	0.5638131808319377	0.05329638725856476	0.09886672625745037	2.0676033106050142E-4	2.6605599889226465E-4	0.004904583041158141	0.084991727001383	0.07879555906915746
1	1	0.0014103999110662944	0.24679398282387105	0.0925307800133257	0.021942593722328818	0.0013769345020107635	0.10897431530488018	8.149797811676236E-4	8.922335192477844E-4	0.5241324222842023	0.0011313581378994237
2	2	0.34198341475265737	7.487572997352071E-4	0.1576287582536442	0.44566373012951593	5.575381205252376E-4	2.564497512910752E-4	3.299955769825821E-4	0.04613723092138513	0.0024213611751960624	0.004272764019067254
3	3	0.0044917051732550695	0.0013569923089906707	0.11283937873983566	0.15437046521805406	0.0010104408221321094	0.08688242827362619	0.014424884794496808	6.547509481431449E-4	0.612768606163038	0.011200347558428142
4	4	0.07247285260543392	0.03583966284829601	0.006625614391454841	0.3881261202777641	1.531804728460038E-4	0.0561415201850448	0.00533095060793327	6.232873345450236E-4	0.39735491872183243	0.03733189255484966
5	5	0.0017479880669519711	0.06067139040066997	0.4124145394629494	0.16146775945755545	0.2585767274122457	0.035812697895279036	0.01268596921564869	0.001105795265826829	0.013249260936940174	0.042267871885932715
6	6	0.0063905948368598925	0.2641768137741434	0.32083274197005973	0.11942498834767726	0.1535801470659846	0.013818623321774134	3.351088866803298E-4	3.668746000859385E-4	0.1186720220278757	0.0024020851688590296
7	7	0.03123500287978654	0.11427740603667318	0.16436943059214043	0.04901747926901026	0.003570356300408488	0.0985867716433267	0.021704899215531002	8.024155184718154E-4	0.48321730806142055	0.03321893048323106
8	8	0.2985446611237457	0.011739131783596188	0.2368071091069939	0.005261822381279858	0.0025893279234314344	0.0024110157815242636	1.954317209307213E-4	2.1395712650545384E-4	0.04887592618930362	0.3933616168626889
9	9	2.3720143411693354E-4	0.6245719001347895	0.08923731335546894	0.037755309853718506	2.3157321267491685E-4	0.016742910944143333	0.0120202025553064	0.02470854341664171	0.19351256370984832	9.824813832914293E-4
10	10	0.10503880678673327	2.837924320758369E-4	0.14504783233646473	0.3467510839805338	2.1131693708335595E-4	8.201118363570678E-4	1.2507423620347315E-4	0.19243173132557753	0.20911662158229996	1.7362854667096313E-4
11	11	0.13849032268148548	0.05385625595172662	0.3577358651609292	0.16718022148670778	8.551044798022144E-4	0.003397392604880533	0.010701443853833354	0.1834121275439893	0.06634684344206083	0.01802442279458474
12	12	0.42551067498743195	0.004331162391763168	0.4578666425531779	0.018713633560684863	0.0029265089523847197	1.716532465337005E-4	2.2088074504127324E-4	0.08322484342161905	3.440630144540733E-4	0.006689937126909393
13	13	0.35858299221827117	0.002721014208329593	0.43858387455766834	0.030317836400844383	3.324412598825739E-4	1.5291237545418857E-4	0.001334042968127862	0.15147334938764995	0.01509110859930497	0.0014104280244670749
14	14	0.166101335886183	0.030025880648518553	0.04541313728003385	0.3257732189415048	0.06351862647913452	9.190801290088477E-4	0.001182658107245572	0.0012947648880108932	0.001842210887922468	0.3639290867524375
15	15	0.017444088324602647	0.07174572502121172	0.07066764816651724	0.07684078890203579	1.801852263423979E-4	0.06603891693113088	1.0664800404065861E-4	0.006897284621500482	0.6886978424935498	0.0013808723090683035
16	16	0.019729286268918084	0.06699985967012863	0.1492160876298741	0.23382384380665425	9.155021594197898E-4	4.211017909743443E-4	0.3481852367269906	5.932320763153337E-4	8.440594892342845E-4	0.17927179038149052
17	17	0.024920394029652505	0.020306594884460665	0.44192311923457556	0.05240414746281921	0.40719882434374044	3.253256845599138E-4	4.1862406355680645E-4	0.010136676497652302	0.0030716776987370414	0.03929461610024542
18	18	7.387688561546351E-4	0.17368327395490027	0.18663944954766845	0.24589203326052322	0.2203156061992506	0.05954820562695368	0.0028942396415980094	4.6735279211636835E-4	0.0796202344203145	0.030200835700520155
19	19	0.01693561796981408	0.41181148919797744	0.2733294273042077	0.10143765527852662	0.05003524386908246	1.712160764433908E-4	0.010407602138861764	2.4120265148258615E-4	0.12386400449018514	0.011766541023418875
20	20	0.555831525478044	4.3701568011022515E-4	0.08866108923370103	0.34137897740995427	0.0014386325764335639	1.49678089968807E-4	1.9260345316086974E-4	0.011343089356372484	3.0001585098062813E-4	2.673728712740451E-4
21	21	0.010396459028738514	0.20968820335880745	0.4229571430162016	0.16492478057443952	0.14692895097888548	1.6842786490880966E-4	0.008985443590778172	0.017774701159790414	0.011611657886480973	0.0065642325409692
22	22	0.09550678345109485	0.010628700832259587	0.23707795867333598	0.19623917527918264	0.0066733850143029455	8.717848262808883E-5	0.4040562486865214	1.2281370767818048E-4	1.7474118395228509E-4	0.04943301468904411
23	23	0.0978888667322921	0.0684970708394243	0.08658532609606087	0.02459535203986938	4.3159061091475507E-4	0.0061043837700569415	0.43433659018261056	0.14940277729297993	0.12146816079274561	0.01068988164304562
24	24	0.23177427539098278	0.04424715848824336	0.5103053132798463	0.014195256176051779	2.008621198693797E-4	9.239016811222481E-5	0.01729756068131438	0.15405107871940185	8.72334501829419E-4	0.026963770474348545
25	25	0.02666113559312628	0.020535551977493245	0.3265209959553385	0.059937966360549266	0.44425166568745195	4.319238051707491E-4	5.557928778728127E-4	0.00382088811966153	8.657512131140818E-4	0.11641832841022146
26	26	0.03695134278132778	0.06010531315229226	0.25013484703076544	0.01849203055085797	0.1767061039421845	2.5743176669073225E-4	3.312592192235441E-4	3.6266001412654146E-4	0.0100891736935414	0.4465698378489899
27	27	0.005247111549686391	0.045925013794703054	0.055094516944968676	0.1295825736862282	1.6493504587519818E-4	0.5851936522800905	9.762172957242829E-5	1.0687550948401792E-4	0.16716736308954055	0.011420336369851075
28	28	0.4067272152622129	0.14955851687341076	0.3666919874595981	0.04005627136401758	0.011112588021707535	0.009755164865588853	0.0014877480613159392	0.01022776490819371	0.0023174454732526233	0.0020652977107019615
29	29	0.09417690783969629	0.010724241546376054	0.07445896874903099	0.3692202277570842	0.009009776417890775	0.23289064214369076	0.015579896902969941	0.05595853651885375	0.13784798120316627	1.3282092124097125E-4
30	30	0.25290281538208353	0.0481741132376154	0.4083161814191644	0.031852613583625476	2.851021706737092E-4	1.3113790442336002E-4	0.012848051989870844	0.1923249908968259	0.03830077105126638	0.0148642223644511
31	31	0.12030178757495105	0.04303568475532188	0.4697481181267998	0.018504797827580587	0.011199439272495882	0.04277969434643056	0.0011633667964044054	0.2620165822912033	0.02704522336101141	0.004205305647801216
32	32	0.003270680664549105	0.13942507381759425	0.0720969947494039	0.11744049094831818	0.013320941466946049	0.5238818628529175	4.3548313128014487E-4	4.7676354159172904E-4	0.1290471694316047	6.045393957943846E-4
33	33	2.923164805732177E-4	0.45826017789288065	0.014296315259393821	0.07679274771692318	0.016882198516311647	0.011846666876973293	1.6891097305099943E-4	0.014829173599195321	0.40249187615924253	0.0041396165254553785
34	34	6.590852696140224E-4	0.04048615980649879	0.10047180792312944	0.07408935027266632	0.6654130567656553	0.06193023346105879	3.808431669530872E-4	0.020227959001892063	0.03361159247593613	0.0027299118565959897
35	35	5.511166075810954E-4	0.759061453104832	0.03431596041173584	0.12453369893530299	0.04655374874826723	0.02233502143833294	3.1845499189284366E-4	3.486420457345504E-4	0.0115398232439481	4.4208047237255386E-4
36	36	7.791395028673104E-4	0.1181197681697571	0.2983236560131199	0.13702641028222165	0.30001169580352516	0.0029520588226422052	0.044687325585074995	4.928916792845668E-4	0.05014277040635634	0.04746428373515074
37	37	0.00393046519736266	0.009932982448063987	0.07316186587337885	0.15030730997747077	0.017275412593256434	0.5363334233124274	1.2832100760138215E-4	1.4048484005525815E-4	0.20861159902288667	1.7813572749655462E-4
38	38	0.0016515700759622534	0.002165381980926411	0.2627993529689422	0.025694649366077602	0.3932441954281595	7.416444162282437E-4	9.543365739956045E-4	0.006560741281346061	0.0014865574561120998	0.30470157045225
39	39	0.27101766108171693	3.00290821737499E-4	0.5351851169035216	0.022686772782451032	2.236019340602256E-4	1.028497572935958E-4	0.004721983184466861	0.11794559192360922	0.03156867712605879	0.016247454485084332
40	40	6.119396999178853E-4	0.1765662209218791	0.19751695891425602	0.005432848145819263	0.25198067738194346	2.747940690606574E-4	3.5360076160939125E-4	3.8711936078639187E-4	0.010769630835959275	0.3561062099087685
41	41	0.056382281001323885	0.11078452020618601	0.21098323097377522	0.22581355837782663	1.8051904842996164E-4	8.303300414607196E-5	1.0684558660647734E-4	0.37497198868142817	1.66431956765037E-4	0.02052759116351252
42	42	0.3732265477294527	0.0012760719202637718	0.24067200751009776	0.025344485827801088	2.6785955302228824E-4	1.2320685030252552E-4	0.005656607177777728	0.021249490701510488	0.054311277355612364	0.27787244537415934
43	43	0.002315044502372142	0.16816994627495252	0.13476677661327036	0.04393118214107878	0.5670700812298697	2.3954477405756163E-4	0.002089844072032001	3.37461503917737E-4	4.8014528547109887E-4	0.08059997360297816
44	44	0.0038038089928620973	0.10828395592956966	0.06338500633929245	0.11825100676579484	2.5861723702410504E-4	0.0797443462757484	1.5307033045383955E-4	1.6758020602373712E-4	0.6257401150884003	2.1249283483056928E-4
45	45	0.25262569064447304	0.013861763269372378	0.6016064589292891	0.016043888813652752	0.026285759720330207	1.294959852317889E-4	1.666334326641216E-4	0.042559688103843786	2.595626936179273E-4	0.04646105840752495
46	46	0.29661243212816457	0.004334265558769247	0.22609790171535227	0.13899553000242446	0.004022229784821211	4.184804942344406E-4	5.384942331026401E-4	0.1779978493235987	0.150235276946999	7.475398125334299E-4
47	47	0.21774805616590068	0.011488830165819095	0.15457072711181347	0.05979914635495659	0.08226519257801534	4.553269580904221E-4	0.4374405523228356	0.004027917294443991	9.126606628557821E-4	0.03129159038526893
48	48	0.0012206543880864497	0.005677167912174546	0.09638937078806165	0.13721667694646963	0.0011916911854570208	5.481399331732077E-4	0.640756924183504	7.721985459033621E-4	0.001098695664420198	0.11512848045274986
49	49	0.11187085427515081	0.0011174953985350856	0.03029841183706999	0.06734626472240444	8.321071252529879E-4	3.8274273536243483E-4	0.7121497085967221	0.06601165581446597	0.009307058733391717	6.837007616442919E-4
50	50	0.057901468893781796	0.004572140748568608	0.21334829564923066	0.06623110011109586	5.586035626575055E-4	0.00407889241206921	0.6194869459946537	3.6196697943615064E-4	0.02535770388729946	0.008102881761207154
51	51	0.0010996167509386486	0.03816689509994701	0.11621173996082093	0.046487664800142076	0.0010735254813024682	0.02252889664780312	0.004307916291568316	0.004368147084125121	0.7648735357462351	8.820621371171428E-4
52	52	0.0028840318782576164	0.15351020224105255	0.40969094544785295	0.06855481197146679	0.24243581592646288	0.03152475099704596	0.011505202484353444	0.0027460612769594464	0.07684693445966377	3.0124331688465407E-4
53	53	1.3989565141960078E-4	0.1781964508485644	0.005440195918106258	0.2988648443062708	0.0071449633867260425	0.1920926279159128	8.083673749954552E-5	0.022515338226922987	0.2954126291316133	1.1221787696416479E-4
54	54	0.051455621832448915	0.0024338853412648916	0.46898339706531045	0.010281015814466587	0.36760685809644555	8.336069520245189E-4	0.0010726725439393948	0.0011743535496160616	0.0016708878309919888	0.09448770097349163
55	55	0.044321942937092754	0.09943482038995832	0.17153402336781484	0.08104390906529867	1.5936015987963058E-4	0.09438758167844773	0.014268722692866893	0.015913171454981757	0.4575439290504282	0.02139253920323128
56	56	0.007815606389768652	5.361613623278612E-4	0.016033468737454815	0.4487974113476521	0.0093529361997979	0.2098856431329218	0.0023767110320584094	0.0019980091697953026	0.2842457817469737	0.01895827088124948
57	57	0.02196923551454135	0.08361251119878763	0.0038829199147069108	0.12440150642646162	0.010140295102674762	3.176400886919929E-4	4.087343575612998E-4	0.002809910513572366	0.7164533704222409	0.0360038764607611
58	58	0.02775008621845762	7.618349453607353E-4	0.3641495432841839	0.10413159378812163	0.3751116646257539	0.017726729358745103	3.357592138984373E-4	0.010070809077293215	0.004404296687244484	0.09555768280094094
59	59	0.059520365124327256	0.002214740453622848	0.015406575759864304	0.48103466713346954	2.7058701290915826E-4	0.1871108167208407	1.6015499956277725E-4	0.0011010114729714975	0.25295875352207714	2.22327800354791E-4
60	60	1.3341291966075165E-4	0.16904771965726542	0.008307121227187441	0.21728816695156888	0.018398808968582005	0.25938436966349776	7.70907819951943E-5	0.02592772945687112	0.2964272412369449	0.005008339136426412
61	61	0.003302372050074869	0.02067028336964509	0.035392602499535235	0.1546163684843488	4.1981363656051876E-4	0.650781540792633	2.484792306065705E-4	2.720331270874596E-4	0.1325153893926526	0.0017811174168559604
62	62	0.001091598917169	0.5555836963072376	0.11171864425843707	0.11541776283498291	0.0010656978915088262	0.01871888754273658	0.004276505205214937	0.015273517129674691	0.16868657911217486	0.008167110800863405
63	63	3.866982530567449E-4	0.07283107012001218	0.022786746038733888	0.23977785951399744	3.7752283045634245E-4	0.5477701637784226	0.0015149493701711557	2.446293001755388E-4	0.11400016918756233	3.101916074118888E-4
64	64	3.882023444557716E-4	0.10034136864152081	0.02287537676943346	0.2705305591052358	0.025012958722328893	0.4850745260294733	2.2431727288903112E-4	2.4558080389564993E-4	0.09499571219020185	3.113981205654149E-4
65	65	0.0010004173737354352	0.05477101995151734	0.25942364900456266	0.1792835173443391	0.027706363673386736	0.2911345529739521	0.007260498081167137	0.003974084816605679	0.1713021973597099	0.00414369942102387
66	66	7.244686992907037E-4	0.059020075413039545	0.20964223606310226	0.11047436825568754	0.046679536921349615	0.48666342482483216	0.007677401662665348	4.5830636550758135E-4	0.07807904622285863	5.811355716665398E-4
67	67	0.14331690123981675	0.08458537045248479	0.1367920871674776	0.1064769361645867	0.021939091042496583	2.3997230909745054E-4	0.002093573986709593	3.3806379890875094E-4	4.8100223981119663E-4	0.5037370015986106
68	68	0.03767263630592367	0.11398281636945494	0.0032083449048775432	0.10474139120265437	0.008378633822293747	2.624568578609815E-4	0.010097770264935736	0.06869005302246045	0.4982883570711686	0.15467754017837002
69	69	0.6612435823530088	4.666247482982965E-4	0.06970654776175465	0.18858864186704605	0.008667985511901075	1.5981921069708126E-4	0.0037715936126944956	0.054902904922250445	0.011018164953326923	0.0014741350590221113
70	70	0.005319100789906237	0.05072835397264117	0.07631668725807428	0.15005871565692602	0.4719432864766927	0.008737283145352975	0.20128726126979457	7.753595018205994E-4	0.02975734112111791	0.005076610807673551
71	71	0.03698415050602228	0.12571603703579604	0.0799293311665414	0.11066886188623772	0.008616774003050151	1.5887497943228233E-4	2.044378684007577E-4	0.02267467749699636	0.28272664289861643	0.33232021215890656
72	72	0.00400758749713795	0.0016914615657252943	0.1477525642394112	0.1757069485417004	0.022218480192724634	0.02809991384242979	0.05729798484137284	0.009947148084946716	0.5493422768889749	0.0039356343055763346
73	73	0.0010278926184119589	0.1352336125980183	0.03997220192473264	0.012558683188390303	0.7493915631056642	4.6157945825174974E-4	5.939533139816102E-4	6.50255463814627E-4	0.03525492073864872	0.024855337590085718
74	74	8.983623698558076E-4	0.12119246699837943	0.40998077681686873	0.016976827299774698	0.3909245597481277	4.034133610497551E-4	0.006519837053785287	0.006569044268474802	0.04581408698299816	7.206251006855079E-4
75	75	0.0026728316643109284	0.18527713034739696	0.3145947917241747	0.2611416389247574	0.06310911551338605	0.06757520179979708	0.011825061335123855	0.010681730047425095	0.08284331564218425	2.7918300144372823E-4
76	76	0.0036989596989110782	0.06943658670984439	0.1441635640225855	0.2950765690934355	0.24564218432411136	0.13132766774870527	0.009032393851163863	5.391933077945537E-4	0.09755255167716624	0.0035303295662821796
77	77	0.0010606636841516014	0.16079963603052488	0.14043440639325608	0.20070744783501868	0.1214778480356585	4.7629544171100084E-4	0.35839752159004057	6.709867777384035E-4	0.011581956340081363	0.00439323787181882
78	78	0.10040264083163299	0.10267955469940951	0.40535903329312106	0.014857349208498825	0.006844732898405321	1.4625889628689564E-4	1.8820368756859636E-4	0.006732800658573038	0.011171090272185444	0.3516183355543184
79	79	0.016105636930071686	0.00339796561728098	0.015225494326614566	0.43143644833582395	6.869282822746044E-4	7.146933478408163E-5	0.1664669243259874	1.0068326180407896E-4	0.19575342872760343	0.17075502085775524
80	80	0.09254465436278586	0.11072031401760149	0.01727710852455367	0.27315658471484394	0.022571411770914148	0.004266411678531904	0.08829433601394858	3.786077180510607E-4	0.16644155971609534	0.22434901148267397
81	81	0.0017522139652497196	0.07802570705355286	0.046973979527263614	0.057653488010827404	0.003270850389589636	0.10449989682526402	1.3184122544080627E-4	0.01233674037498723	0.658595055236531	0.036760227391293865
82	82	4.742928786317874E-4	0.5819686357569814	0.12299145586817414	0.16895213308600843	0.06699318916354428	2.1298319109417226E-4	0.001858114672306141	0.0066362473362034284	0.0479484408541794	0.001964507192876902
83	83	0.6406901774376186	0.005003968356921563	0.20713301444212878	0.09579212949754634	0.0010503802380869122	4.831414048687558E-4	0.01858839182791379	0.02583400121637544	0.0045617507289023446	8.630448496373524E-4
84	84	0.03512690044983896	0.19055322418607867	0.1396722861195689	0.08541968071250662	0.003455960066743565	2.027079961139212E-4	0.007798991393503864	2.855672618778021E-4	0.027543648935889856	0.5099410328778778
85	85	0.025763205660852165	0.030117960028758644	0.10086490947189793	0.04175497214081843	0.028568943994986995	1.8929482794511693E-4	0.05092691059139196	0.03968703825136058	0.39880670414392855	0.2833200608880596
86	86	4.8270378113744554E-4	0.1521742294572872	0.02199544043828207	0.080056158658902	0.04883551231117746	0.5032050842522386	0.001891065665368031	0.0019175054511236206	0.1326301248885949	0.0568121750958887
87	87	0.0077846718290920745	0.3700801358327925	0.05548436577281809	0.1478532105699902	0.25763930217145264	0.04188803064608636	3.132655429307513E-4	3.429606774142582E-4	0.06204952606614734	0.05656453089127581
88	88	0.15120614737777463	0.0015498589712116962	0.14466902375266724	0.10524681558736336	0.005102054013944261	5.308274761982828E-4	0.04411107395250475	0.004695810633993944	0.012907998093281126	0.5299803901410607
89	89	0.01210223914799469	0.08402359439103661	0.28795208657844595	0.12462772735931463	0.04358223958260865	0.020795637069680916	0.21861124067534998	0.03364130602067048	0.17442760050764466	2.3632866725340916E-4
90	90	0.0010532019126916262	0.1280108998604797	0.2238664776485865	0.10432293939632693	0.4231283500940544	0.0039904458533332144	0.00412607908539246	0.01825377213996833	0.043157987610924764	0.05008984639824196
91	91	7.073536238264384E-4	0.00801470892069016	0.11019232936828147	0.10550205585693725	6.905698179125771E-4	0.18222485182036402	0.09490598720518313	4.474791923818202E-4	0.4967472575515201	5.674066429029097E-4
92	92	0.013173453031089048	0.5288906601474693	0.08134179522903186	0.17753135375448265	0.002660900776732419	0.0583002333032068	0.007413778542198217	1.530880154284684E-4	0.1303406205612375	1.9411663912367673E-4
93	93	0.012942767292382085	0.006726946145688743	0.07433879018731185	0.058569587475496426	0.055027584249033666	0.07064607854155366	0.011757444780530188	0.011774703048804847	0.040271277372689866	0.6579448209065086
94	94	0.0773146033516176	0.0012490521479841012	0.6352154969523804	0.04345710814059946	0.09956422894388703	4.2780098813512027E-4	0.05782193677945728	0.026056647017089415	8.574874086946147E-4	0.05803563827015488
95	95	0.1869323838754417	0.011028864990840883	0.23369433247512522	0.012917122212655941	4.3609779732398254E-4	2.0059107627826966E-4	2.5811749717344486E-4	2.825850262843819E-4	0.09737462346769436	0.45687528158118185
96	96	0.03050413478583182	0.01417748056124666	0.4122298757510803	0.015287773744989323	0.3021082738922726	5.618839345840652E-4	7.230235640971934E-4	7.915605687410674E-4	0.005305226218075134	0.21831076697908183
97	97	0.22109887084842417	0.007556601201092477	0.5352627045815673	0.0354272827356197	0.0013209882326151098	1.3743814700711428E-4	0.006309986879398193	0.1146787780510249	0.05138492865116285	0.026822420672088194
98	98	0.009541349309119783	0.018961953923948706	0.027889606370600166	0.5430323723680957	1.711142227571747E-4	0.09373946985896815	1.0127905983448158E-4	0.0036231581302290914	0.28231080891025595	0.020628887846190845
99	99	0.0033456161398422997	0.028215878331978087	0.14934482426352183	0.009687652460747664	0.0018802951475772698	1.956295101871542E-4	0.007526653587989429	0.5502595895006538	0.21863973793320757	0.03090412312429488
100	100	0.14770154947695857	0.019711334504148068	0.32124384747854773	0.016270497929594167	0.021461779453028487	1.238879947369777E-4	0.0029236483374025807	0.4424515175017762	2.4832199672673443E-4	0.02786361532708059
101	101	0.022484515085111356	0.05636332508163039	0.48521813575049255	0.028141515594101715	0.04675673300002098	1.4193578794611267E-4	1.8264077856169442E-4	0.3221701227980909	2.844971245566622E-4	0.0382565789994877
102	102	5.115690506260328E-4	0.004087814337910704	0.05748168416144427	0.07117507370221571	0.17989684143214651	2.2972221126671237E-4	0.0020041497599712177	3.2362385362973747E-4	0.020963018090829573	0.6633265033999596
103	103	0.009772245442955898	0.07079675972999204	0.18190104083837508	0.08972691413675618	0.09458418024151864	2.479375672250389E-4	3.1904223006720396E-4	3.492849495157896E-4	0.002340990373860292	0.5499616044897339
104	104	0.028437954411490215	0.020763582440747136	0.0015952861938475992	0.44905514740111335	2.8371857277590534E-4	0.0030422953136852917	0.010844504645787872	0.026389989887752496	0.4574132079070857	0.0021743132257144525
105	105	0.0038756882307383403	0.1574139771326933	0.15615160494078037	0.14774873999351903	0.5246858729149078	2.2662462115369836E-4	2.9161706041660876E-4	3.192600873060053E-4	4.542480371225918E-4	0.008832366981362319
106	106	0.01778873187051909	0.2391794206450612	0.12601686613552807	0.01917359978435849	0.035984603324197575	0.0282596490506524	0.0312177780070674	0.059995215722118064	0.39586237335990715	0.0465217621005906
107	107	0.0037677290550208013	0.12681220729825052	0.20751289641410878	0.14035601127712072	0.47729933447877715	0.02152156518507951	2.8349392573873215E-4	0.01833450435266563	0.003718710630418363	3.9354738281979746E-4
108	108	0.005548716632264776	0.10252207653490295	0.049012567741640714	0.1415126240576575	2.5747824779905103E-4	0.04944491700451228	0.003675716558791818	0.11995973484315924	0.5243312910217536	0.0037348773575181828
109	109	0.002902232423171566	0.4157460445248331	0.11819319853511785	0.04626857191967638	0.028136460652361247	0.014053460720227545	2.1837166394827142E-4	0.11635776950143975	0.256558585896552	0.0015653041626723316
110	110	0.0016159168673613368	0.061484161282479195	0.6295099255502196	0.10069608903388043	0.09332429456989695	7.256341945220381E-4	0.027918064143503372	0.02260970908415861	0.0014544664514060883	0.0606617388225724
111	111	0.5859896669742723	0.0019122353258798634	0.1979788180960709	0.15421029918629592	0.055005909178021825	6.549415597087641E-4	8.427686780661245E-4	9.226565872167107E-4	0.0013127696205874485	0.0011699347938801696
112	112	0.6755680372402622	0.0012610895523307952	0.2172990422127513	0.024601451914418107	0.023425902738071838	4.319238051707491E-4	0.023042665707229005	6.084777154677883E-4	0.013715392829889048	0.020046016284409194
113	113	0.5960738001311787	0.003236533734127459	0.08775144141954597	0.11260570402258774	0.010654498400303476	0.025842066353559484	0.01791545385395988	0.001561632676233389	0.0022219143766806005	0.14213695503182336
114	114	0.013756866695872004	0.0603232332902931	0.5928193641828514	0.006063811015669322	0.023690511265448067	2.2286815915071976E-4	2.8678330316067336E-4	0.2721554676751886	0.015364849630131436	0.01531624478223475
115	115	0.03862311651629797	0.016265487965127917	0.3138931022332552	0.008097177565922549	0.03487568201501847	1.257417508346622E-4	0.040375299605104595	0.5042486498628599	0.01895598980135767	0.024539752684221098
116	116	0.5332638677419165	4.809157229685348E-4	0.33155215316013364	0.03265771231350274	0.007708402834278669	1.6471387670058567E-4	2.1195127117574738E-4	2.3204260149772078E-4	0.013805711680377176	0.07992252879744878
117	117	0.013665309786780211	0.09161880210128932	0.02169777635022448	0.12508614504611254	2.069777579234991E-4	9.520316654269565E-5	0.005078985493855224	0.04615857135683478	0.6870172751236662	0.009374953816771104
118	118	9.77525580006682E-4	0.05295490338202064	0.09978510294602332	0.0727140463615758	0.00172446078521839	0.11595222890141726	1.3015514021343195E-4	1.424928341589545E-4	0.6516770034474931	0.003942080621872376
119	119	0.02636124400606026	0.028250982410253093	0.07391783476781977	0.4190933164692696	0.31023466598240623	0.12444948612345948	0.0035099351668994817	0.0038426496934776903	0.005467379575508676	0.00487250580484567
120	120	0.08414020450716077	0.18163729539129783	0.049471120561582954	0.481472480177328	0.0021766865980662104	0.0010012064039438685	0.04596685425428673	0.008856880793235893	0.14348879692104588	0.0017884743920517788
121	121	0.027096358716408055	0.4485662087059572	0.011895848074965453	0.3057802042222806	0.1935805445326777	4.389746386526743E-4	0.0038297163858821495	6.184106596534638E-4	0.007409585163857238	7.841488996653545E-4
122	122	0.0018635181355771862	0.3605265876272338	0.43115839223385066	0.06547931911890391	0.02766745212175811	1.928239523178063E-4	0.007418712499840521	2.71642999504104E-4	0.08499945522041386	0.0204220960906002
123	123	0.00465252945236515	0.14104401575280073	0.027367743530991168	0.3353408217018263	0.3662548384526926	0.025544720682269165	6.194729177476549E-4	6.781941273301381E-4	0.058252508544849445	0.04024515483712756
124	124	0.1177383146993639	0.028874202165772765	0.2725041292987873	0.0020235714953096406	0.062381699313889344	4.133345999984722E-4	0.11120142291766169	0.012878906659764221	8.284908752117447E-4	0.3911559279742408
125	125	6.739197520900041E-4	0.07966047097333546	0.10723473219812125	0.08926153984340558	0.10644404047523982	3.026264694413711E-4	0.02289709830334646	0.009429401876164768	0.007358891665710378	0.5767372784431447
126	126	0.0022201158190910094	0.721677457093201	0.08481843245688389	0.09851182199765533	0.07225839501885296	0.012189549590521548	2.956029915062412E-4	0.007157810927489644	4.6045686924985074E-4	4.103572355486628E-4
127	127	0.35311792644988477	0.015525674895382695	0.4032770881007018	0.05731031673109755	0.018229526268640966	9.322292013382854E-5	0.002893319919608942	0.12354594262241322	0.023760434604304225	0.002246547487832049
128	128	0.008768220576709833	0.10468596658159922	0.08409307266173088	0.1266520702501839	0.016721856960789844	3.5731421214730923E-4	0.2848128761070518	0.005818381600557293	0.011346225247680667	0.3567440158015492
129	129	0.5730790165397479	0.0337621710228985	0.2431277965115498	0.11414281744066714	0.01710635132575663	3.1540472270468595E-4	4.0585792315247355E-4	0.016864971430500447	6.321995176800801E-4	5.634135653422652E-4
130	130	0.5427280727774509	0.06652946177957725	0.2603627509536598	0.09916308683988864	0.025344419570170695	0.003128356276530032	2.53577788868793E-4	0.001743261562845236	3.9499476706533537E-4	3.5201768394330795E-4
131	131	0.14825601887346793	0.0033915751967641666	0.633458180459787	0.00265747517425978	2.922276391123833E-4	0.0011341227497169868	0.015168574006531895	0.10016009496720303	0.05325391311569234	0.04222781781746458
132	132	0.043663903414463544	0.2609013263704918	0.13834614985320026	0.06337721386631442	0.45351087826478254	3.601857993881204E-4	4.634815206161279E-4	5.07415960250169E-4	0.008758547400421538	0.030110897550071323
133	133	0.035805471571641254	0.014960629049655323	0.052993206417108	0.08813221142192763	0.026427580970892837	0.0026549825541103598	0.007425856021723454	0.02618676598086232	0.009991983883518667	0.73542131212856
134	134	0.24586389827966362	0.013064915202048602	0.33853683509760985	0.0013453155028235004	0.027166382017176516	2.747940690606574E-4	3.5360076160939125E-4	0.020824782575765203	5.507992284698697E-4	0.35201867726577274
135	135	0.004893153234057809	0.23638482406052527	0.006886640725565253	0.04843334609664684	0.004882617063786303	0.01206368450261422	0.08478960525487948	0.05218714839633539	0.5328093969226929	0.016669583742896586
136	136	0.07191998248121158	0.01207377904340082	0.011208084573744503	0.39729799634645113	0.002124599629447812	0.008976152061242854	0.03621901581230568	9.375606101140452E-5	0.38621606216969206	0.07387057182149216
137	137	0.01096900122905091	6.835677837889643E-4	0.11604467277818875	0.1561194294011111	0.02314553627667762	0.05073101798192455	3.0126496970101933E-4	3.298225432750111E-4	0.6412574698203324	4.1821721594976406E-4
138	138	0.0018915439022453775	0.015114832054292255	0.004065959133624548	0.3073941142686201	0.020798890841579303	0.01348422482296818	0.0010930020793573564	0.0011966101667123202	0.6334435129447672	0.0015173097858333247
139	139	0.004019322213801033	0.08163675107899906	0.011270317713764619	0.12576296804855408	9.041749370170288E-4	0.01588175138548871	5.35162922587314E-4	5.858922010395242E-4	0.743194884469068	0.016208775029680475
140	140	0.017363789927851554	0.0756731087620372	0.11306276612845607	0.02876489235685499	0.04144596462313153	0.03225402918081085	1.7365807910709637E-4	1.9011951295963035E-4	0.11670214859900682	0.5743695228297843
141	141	2.9432791278594366E-4	0.10556702608003586	0.04290172389904256	0.10189618993849484	2.873442169415533E-4	0.05616323909077809	1.7007325090687478E-4	0.02181222185630593	0.669688756172218	0.001219097582490415
142	142	0.0033359087513811	0.026683246820168153	0.01834287704119841	0.09090224007350374	0.0018748394244290363	0.1162560569968366	0.0031525274987123167	2.7479571518782984E-4	0.7388290648528754	3.484428257074983E-4
143	143	0.32260812747711765	0.09462708643331122	0.4459448821129654	0.008787693952160206	0.0703647005396661	0.002725137053795503	4.1560726286708007E-4	0.007661471050180851	0.012658165026144167	0.03420712909179175
144	144	0.3022240460880648	3.476228950937841E-4	0.5841210122748918	0.005895949672505863	0.0020298662379579827	0.009859670976513874	1.5320587576160755E-4	0.08163464826809301	0.013521296711757403	2.1268099935997358E-4
145	145	0.01192410439298155	0.12188804525536671	0.7072662400231879	0.0069246705383971974	0.12169827390361203	2.5450802665680683E-4	0.006006166865244213	0.011715880900166497	5.101377376926378E-4	0.011811972356694522
146	146	0.3881656395778274	0.001921595596993225	0.42900994264492304	0.017906917778292064	0.016115665034075	6.581474572671418E-4	0.005741830801794748	9.271729329216533E-4	0.006214132369237071	0.13333895580666869
147	147	0.2539798795069275	0.0016004062167093674	0.0678520389198054	0.12498639186007408	0.0011916911854570208	5.481399331732077E-4	0.004782099690936191	7.721985459033621E-4	0.005175457359885376	0.5391116967811285
148	148	0.14134651606050652	0.0024811635894707237	0.30555411550517514	0.020386188250495728	0.005488284859673978	1.394335307750268E-4	1.7942091270191411E-4	0.3849343707483416	0.0479828382882527	0.09150766825460681
149	149	0.0037415630636768045	0.2775542361779864	0.09687393083143445	0.22936919359567015	0.16208894846341237	3.8715103653178196E-4	4.981799710723926E-4	0.04085721790620162	0.18217917293681316	0.006450406017200761
150	150	0.0030550983162316915	0.2042166225787718	0.14825885725842589	0.06655207633204958	0.008024139507908475	0.024255404754767288	1.2294121753013787E-4	1.34595087770602E-4	0.545209597464786	1.70667481758516E-4
151	151	0.002213109667178173	0.09159818224475255	0.2856296282488955	0.07138782102649421	0.009551978115705467	9.938061067176613E-4	0.001278814340603033	0.0014000359836486543	0.04634027359618435	0.48960635066982044
152	152	0.1598213087075395	0.001040486545297363	0.06531695391817842	0.057404374516821725	0.0034252268454716714	3.563671644437821E-4	0.032264110489726876	5.020364135817054E-4	0.11468416638104677	0.5651849690178921
153	153	0.0352414149264139	0.1166179854289724	0.1119674830859002	0.062009623128661776	1.5537889348732069E-4	0.009107808944167906	0.013912249744036967	0.018173362480571723	0.5598647600468927	0.07294993332089506
154	154	0.004369084961045207	0.14705232241830474	0.05822541354298186	0.111455564383008	5.554193828332203E-4	0.10285997088957474	0.006028991299401199	3.599036772482899E-4	0.5686369691482918	4.563602973110243E-4
155	155	0.004868628091027435	0.2337375981682992	0.020418717422890833	0.0733829910917408	0.009088247442448967	0.004519347029370843	3.6632848868152403E-4	0.00463571542793231	0.3245222566146183	0.3244601702229897
156	156	0.013465441774327985	0.010625259218817736	0.13982032088798896	0.0740958091946067	0.2765246599213842	4.211017909743443E-4	5.418672772400286E-4	5.932320763153337E-4	8.440594892342845E-4	0.48306824836911033
157	157	0.484097387974486	0.03621211881531241	0.2998281805622432	0.10325152374556075	0.04681598189174811	1.6020005329289374E-4	0.003780581164913927	0.024055271779585604	0.0015125855546940146	2.861684581631319E-4
158	158	0.41364274783197524	0.1154427956759795	0.1749344003064946	0.004165186587764859	0.00374853744703141	0.001291659036839787	0.005889852111048196	0.224514456598023	0.008276855564143997	0.04809350884069946
159	159	0.004201255074795983	0.027134708425200483	0.03117956186739632	0.11852284165537329	9.451020198387546E-4	0.026300180988801894	5.593868380699827E-4	6.12412355110214E-4	0.7897680077664838	7.765430089291199E-4
160	160	1.813231780844405E-4	0.07896393277334368	0.06337072158991804	0.17722978369016834	0.003204951545497172	0.1799405093956993	0.009188567247331301	0.001325879203876729	0.4816041930659401	0.00499013831014093
161	161	0.22628742981097158	0.07488432540293266	0.29235864437077413	0.03301543517801248	0.26561889059060484	0.0016530187376643864	0.08184993362631696	2.759969331393653E-4	3.9269257296871527E-4	0.023663632776614926
162	162	0.004385587360763341	0.0013249329796616634	0.039297662895071125	0.46122715786473134	0.35874087662021786	4.537902111027661E-4	5.839302311193799E-4	6.392822707336069E-4	0.061660311900737855	0.07168646766586097
163	163	0.0015354233844016606	0.4672054416407414	0.22999560931473534	0.12484835273488595	0.05706336773593166	0.0048853719289816975	0.012020680242274297	2.238169866366371E-4	0.08066889830537889	0.021553037726032512
164	164	0.20961410635574843	0.020210923079596963	0.5205418806533965	0.017889292361501864	0.15268233765983977	4.2509589282627337E-4	5.470068257812886E-4	5.988588140434074E-4	8.520652960043971E-4	0.07663843306126104
165	165	0.004284367949172621	0.07383153599982054	0.06476782960899556	0.16373044394341188	0.014152377482850502	0.6598722484549215	0.0038675977726595795	6.245276278634276E-4	0.01407716590357058	7.919052567336802E-4
166	166	0.001822464378687453	0.09368989207207487	0.03435095280670069	0.21704096951872595	0.6226222796006584	8.183852141066015E-4	0.0010530854468117417	0.013326303040985405	0.001640377268919746	0.013635290652329171
167	167	0.05740665947694667	0.042969874867911234	0.10447874128062211	0.06504591100395914	0.03248473932635816	0.042701925925483344	1.7960717063512694E-4	1.9663253204677523E-4	0.15807188982297576	0.49646401859306166
168	168	0.030996595955643417	0.1446463928085255	0.20538499972882193	0.055532585771768846	0.02726660285744536	0.023396281173159124	1.610494764328367E-4	1.7631571291843904E-4	0.47032758262373153	0.042111593891553
169	169	0.2653975554366761	0.02789845250609449	0.2826987449061308	0.024099474034454588	0.22397279764913167	6.956016444142362E-4	0.06815059407096763	9.799369574026787E-4	0.02208827041261709	0.0840185723821107
170	170	0.034556604067506935	0.01861055037341944	0.4094711421134833	0.003610967361855006	0.2649162891026483	7.375759905589568E-4	0.006434783716769251	0.0010390688087723828	0.006964085004197033	0.2536589334607894
171	171	0.039563407420857385	0.1683123051576735	0.22039034575567543	0.07781185362338078	0.11644507186491548	0.02255643612113549	0.044978807971255176	0.1931928134724296	0.059093990990296774	0.057654967622380475
172	172	0.22070355453753565	0.017113738511372528	0.5949502488498458	0.009503416507539669	0.04653414498906442	1.322992244905358E-4	0.008041988348171871	0.09366338261860443	2.6518152675436384E-4	0.009092044886620715
173	173	6.184068370478908E-4	0.03883302863659754	0.01281330310533692	0.278530586130631	0.0011543774242175483	0.13262389239855046	4.653057037229316E-5	5.094130617129856E-5	0.5352643396702585	6.4593920816507E-5
174	174	0.022463608026589622	0.08789102887867568	0.003180548610834374	0.29674751864581816	0.026235127902159084	0.021919003376449326	0.001301291410390181	4.764798500479883E-5	0.5378898229786299	0.0023244021854489836
175	175	0.2945130029234834	0.010352642245683889	0.04512955933264615	0.2490996684222094	0.0032123393567546014	3.2271984936718277E-4	4.921760286572217E-5	0.039026455342803565	0.3104348873108209	0.047859507613365056
176	176	0.001403787402892486	0.14249228378218712	0.007705896851450041	0.5328744859542056	0.057631187265730736	6.303765756473749E-4	0.05707186720910994	0.02433001220048116	0.10909655576950485	0.0667635469887907
177	177	0.013811493976351315	0.2518291010794426	0.014917186748545558	0.3233556195044361	0.18404642294775891	4.319238051707491E-4	0.03589230732400397	6.084777154677883E-4	0.08117601131795762	0.09393145558086526
178	178	0.0047676805170200785	0.15424774955383935	0.40357981830587686	0.1568720584236974	0.07732298451452507	0.025159937152457602	3.5873292551038497E-4	0.008686456253993452	0.11667084889404271	0.05233373345903702
179	179	0.0011201862732902656	0.04636328146347175	0.0061491076630256145	0.2606066145775358	0.0010936069381953647	5.030243080889038E-4	6.47283906294975E-4	0.026897157759776878	0.6557211750455425	8.985620647778104E-4
180	180	0.054150563217615855	0.05226090360745466	0.0036687502064453306	0.5204849754693769	0.005390595059376471	0.0033377618215918435	0.077470959894903	1.2313305835935428E-4	0.28295622411394616	1.561335509304181E-4
181	181	0.008063046808121541	0.06781515643548823	0.5276123365326546	0.012877882175866561	0.002532123709993671	1.4852073324128794E-4	0.01455111022742477	0.35589528615583943	0.004716156357675505	0.005788380863694452
182	182	0.0024483683453541474	0.14222078623519555	0.07067968690171533	0.013559703120416941	0.6974438642558689	0.001099449995268253	0.001414755263849892	0.00154886304802633	0.002203745558283072	0.06738077727602163
183	183	8.219149656623635E-4	0.18774068940836974	0.19117486105025736	0.04298261223806058	0.547066404443974	0.02781953617272889	4.7493202005911253E-4	5.199518778903854E-4	7.397953246298897E-4	6.59302498367594E-4
184	184	0.019956490918925165	3.6781662350486653E-4	0.002476932236813359	0.4803351876867512	0.19047474768740463	0.014180228474111732	1.621057436637987E-4	0.002051372252164709	0.28977008254567155	2.2503583098898412E-4
185	185	8.877085692396927E-4	0.0990017429356865	0.1768304108387396	0.15908511672058506	0.42186593759914726	3.98629227543372E-4	0.003477733677963801	0.042068546062599424	0.009693366564043392	0.08669080780445175
186	186	1.91898379073061E-4	8.925043244875735E-4	0.008744264147171714	0.4702055195544903	0.07132784197787669	0.010340658803593958	1.1088578335569237E-4	1.2139689229621246E-4	0.43342476041549255	0.0046402697221623315
187	187	5.501040704321395E-4	0.07972285083050501	0.050788133507241165	0.1481891064491086	0.5443620640722234	0.057201673117676856	0.04257454319197079	3.480015042989664E-4	0.07398500833067641	0.0022785149258666773
188	188	0.004506075663564065	0.09875227528555727	0.5832801353079661	0.020886547066977082	0.059362619701694104	2.634855100175496E-4	0.021895303726621906	0.03956437855776941	0.10439008646455296	0.06709909271527957
