0	0	0.060002213653581014	0.0016629425040174458	1.2847701050164407E-4	9.712861550678151E-5	0.026801575863953014	7.261831844006224E-5	0.026237629218671277	0.012656576574524746	0.02305232257452301	0.010202792806259133	0.003248023868591394	0.06599341429188212	1.7179764684416453E-4	0.01387452549256576	1.0993731974455457E-4	0.06590116266548454	0.00928708485722833	4.004535532896825E-4	6.658379816010178E-5	3.4612241743307056E-4	0.3133060249324586	6.462104910903009E-5	0.04120693751646161	0.006446501582986446	0.14308925934986286	1.3150491723550275E-4	0.11364121278911156	0.0017095817880935164	0.059953326101257746	1.3764692222134828E-4
1	1	0.001202359156630324	4.071963091982336E-4	3.886257814525663E-4	2.938010773705369E-4	0.0071034647402174874	2.1966070537716436E-4	0.1209721629469445	0.0013005925029348766	3.854572114236851E-4	0.016993136919067824	5.788730803649592E-4	8.330103332000295E-4	5.196649151146857E-4	0.00498472515978044	3.325456953715578E-4	0.01442290886608001	0.0049772778752631116	0.00583430092120989	2.0140708824882233E-4	0.0010469740417213172	0.08783410448154685	1.9547003475738653E-4	0.17087530184814492	0.08422155988883394	0.030626407060268583	3.977847945399409E-4	0.015517722252906188	0.11612283532669063	0.3107943054468049	4.163635385346046E-4
2	2	0.0818838102679363	1.6672175854584215E-4	0.003944770291965148	1.2029340928537921E-4	0.29629646185178404	8.993750251815846E-5	0.002209984713743758	0.04028185855780279	1.5782093963294703E-4	0.06752807313422698	2.370128013275059E-4	3.410663223137321E-4	2.1277071168225616E-4	1.481113119947933E-4	1.3615693923739656E-4	2.2681304490847375E-4	0.12885723073600502	0.02320987226555481	8.246377282386956E-5	0.025035409376155254	0.0700335132801681	0.07957872530334271	0.11539071477972622	4.1266288504435215E-4	0.003075493540049628	0.0531619965824698	6.750715605384127E-4	2.2448432891572596E-4	0.00611022285709608	1.7047517320463944E-4
3	3	0.004296070798435178	3.0029898489849734E-4	2.866035989014244E-4	2.1667231088164253E-4	0.05978834710463776	1.6199529651123986E-4	0.027846109054947176	0.004368515890672197	2.842668430375848E-4	0.05344435728648547	4.269071071909844E-4	0.00402368356347236	3.832422911778712E-4	2.667778760970266E-4	2.4524567756783815E-4	4.08535321015246E-4	2.612856554400966E-4	0.02134945514643058	1.4853362564010635E-4	0.02463760988993464	0.05795715237161641	1.4415516960675784E-4	0.2589819159122836	0.004152643186365943	0.002130219007262334	0.0037027135927010894	0.004625293304543279	0.02086047329031822	0.4439938612120971	3.070596298303348E-4
4	4	0.0011818598035815175	0.0016148427490989348	4.395931698267558E-5	5.561608524853316E-4	0.2350750762429912	0.007868761026232568	0.024665218547432165	1.471162255064746E-4	0.002658238956718815	0.06571934328646196	6.547909697958882E-5	9.422577460022111E-5	5.878177881796014E-5	4.091844367714203E-5	0.005789819544778951	6.266122876323403E-5	4.00760457808064E-5	0.04092537162124437	2.2782117032470567E-5	0.03829214378738321	0.023008525033732238	0.008388952314383972	0.15999604813749194	0.03253551746970735	0.0029413714666839874	0.012072330375016966	1.865007962990867E-4	0.027254253617494676	0.30864656747556646	4.709686707366614E-5
5	5	0.0014835556846899836	5.024275782860405E-4	4.795139489824726E-4	0.05169997421382853	0.048693893584747294	2.710328992533287E-4	0.012364104563719685	0.007308925337847521	0.11455885253215138	0.043783982682938684	7.142545090239454E-4	0.16074437447286286	6.411992911610236E-4	4.463437073323025E-4	4.103183762248696E-4	0.017796004064214336	4.37154721478732E-4	0.05853623440615561	2.485102966619365E-4	0.001291830550591521	0.23957165977767986	2.4118474055920524E-4	0.051121473797529134	0.0012435882142183368	0.14046394842561308	4.908149864944298E-4	0.0020343749507526505	6.764990888053944E-4	0.04123022984260934	5.137387535865597E-4
6	6	0.017797222316572776	1.692851776436051E-4	0.002083493812972561	1.2214297244610107E-4	0.06253294864064533	9.132033049196946E-5	0.0349167576468513	0.012072274135191968	1.6024750479283137E-4	0.08009792060889474	0.006006444057284177	0.19830500016929925	0.015591474371191261	1.503885874330666E-4	0.0020601794382593304	2.3030039350658895E-4	1.472925012112616E-4	0.0024255147838102005	8.373168897335144E-5	4.3526226205246074E-4	0.1960356955866459	8.126345649610663E-5	0.05758509704920891	0.09843738814407882	0.11267273513471794	1.6537249500175717E-4	0.05065560578558384	2.2793587249894006E-4	0.04656467974633701	0.002095025329906773
7	7	0.016322351053066574	0.004768909661818617	5.655874898006321E-5	4.275841227764894E-5	0.014489942340583373	3.196837494870895E-5	0.053264478873999044	0.0035533165125656505	5.609761035920433E-5	0.018620465790404647	0.008157929144850955	0.005503687503210025	7.562956162573778E-5	0.008126329021822042	0.03637996930711521	8.062092297291108E-5	5.1562471144022564E-5	0.005558744670427729	2.9311830276656388E-5	0.02235499907325021	0.16483731573770102	0.004065289133876323	0.13520870955706432	0.09635806704106874	0.04886247660282541	5.7891708209318974E-5	0.01773293406061359	0.05861399281364291	0.2766770968889992	6.0595570300072464E-5
8	8	0.014910519849651012	9.904399058626298E-5	9.452700668028069E-5	7.146241378910712E-5	0.00622567042306496	5.3428953907724E-5	0.005810746475988943	0.054290742957631914	0.06531281648005971	7.599091477031612E-4	1.4080161982606886E-4	2.0261644257575558E-4	1.2640018044852495E-4	0.01583051989470895	0.012450018525142895	1.3474227527764254E-4	8.617669489119867E-5	2.946338458464642E-4	0.0034223887177882535	0.2993627632651735	0.19453209076407302	0.02591027572011262	0.16412953911591505	0.004743015858012995	0.10415350747052261	9.675479014863175E-5	0.02513930232926787	1.333588606179395E-4	0.001380952158061194	1.0127377252579335E-4
9	9	9.950821115284848E-4	6.955708180868476E-5	6.638487300311085E-5	5.0186961700071334E-5	0.0035824975618271786	3.752233826518952E-5	1.3232006517234227E-4	0.0018015579720152346	6.584361936269993E-5	0.10398380752238942	9.88828270253032E-5	0.023833165028620543	8.876891611544159E-5	6.179271820948769E-5	5.680529910408566E-5	9.462744189827912E-5	8.502162630990142E-4	2.069168497537532E-4	3.440426398204962E-5	0.0033376263589355356	0.1595180910047441	3.339009930010674E-5	0.1073687115708884	0.446350227733201	0.03366063314845003	6.794941130617092E-5	2.8164294914257245E-4	0.00799061275615499	0.10520965222938919	7.112302360752978E-5
10	10	0.07443184298976223	6.349037472672695E-5	0.03393909386047623	4.5809699341578416E-5	0.24834853882630867	3.424967314805374E-5	0.02030371481104023	0.15301644456685362	6.01007971869779E-5	0.009857774801550614	9.025835441375217E-5	1.2988363845989144E-4	8.102656985749337E-5	5.6403212045240926E-5	5.1850791217809444E-5	8.63741202093269E-5	5.5242025477433454E-5	0.006676241897596132	3.140355454280764E-5	0.005208978927489846	0.10668083144844781	3.0477844406372258E-5	0.14701980832949366	1.5714878151356664E-4	0.01270430433132519	0.0015036611798776689	0.018277556501213526	8.548730704048053E-5	0.1609070810485085	6.491973646853166E-5
11	11	0.09256193758871255	0.0013779887112585062	0.08518653923187441	4.194010217320804E-5	0.061727645809377604	3.1356564480321693E-5	0.021228359914155497	0.0978554061598262	5.502401480346098E-5	0.05983974285740988	0.017240832853807533	0.02387641814708571	7.418216376468278E-5	5.163876886499154E-5	4.7470896179029096E-5	7.907800048388849E-5	5.057566904124308E-5	8.328464243042386E-4	2.875086073598935E-5	0.04172509091026028	0.21909663334754542	2.7903346382852435E-5	0.09764475833619965	0.01400241936987873	0.029449286805817976	0.00929581385979919	0.07414760326600259	7.826609742744983E-5	0.052285054029518906	5.94358928279782E-5
12	12	0.22133588474614763	1.1187563205324006E-4	1.0677345042197842E-4	8.072072483532787E-5	0.013382970924177924	0.0013304977288105967	0.043397814434683074	0.09942878231080327	0.0013760496861519964	0.018640414191916328	1.5904316979677765E-4	2.2886641020182822E-4	1.4277595233812843E-4	9.938742722112064E-5	9.136566077804382E-5	1.5219880703260636E-4	9.734131421951464E-5	3.3280512561376774E-4	5.5335828908189535E-5	0.002827945699120438	0.2845121766152445	0.005134291799133347	0.09267262148387921	2.769099935840485E-4	0.008414488466591988	0.13855528977399068	0.05887974686683261	0.002690929740632636	0.005370301741548839	1.1439429333040854E-4
13	13	0.060295986965320625	0.0012318213971438104	9.516909345612281E-5	7.194783136949176E-5	0.025513737924262696	5.379187690672747E-5	0.006982321351780081	0.18485155309189638	9.439315436100216E-5	7.650709277247373E-4	1.417580328267815E-4	0.012657143754164024	1.2725876983139375E-4	8.858579836269353E-5	8.143585390283721E-5	1.3565752940597093E-4	0.04084252901438779	2.966351839061088E-4	4.9321817849126066E-5	0.06478635384431332	0.2637797531122271	0.11665464558722767	0.12448864303702704	2.468148491425925E-4	0.004103670737883925	0.011418458385339829	0.06493372656947431	1.3426471772535613E-4	0.008182960277662616	0.006894589513117877
14	14	0.001730304070600386	5.859924860669434E-4	5.592678093558856E-4	4.2280644457829027E-4	0.11666879982801878	3.161117130178088E-4	0.0011147472253098393	0.0018716707812393475	5.547079491937018E-4	0.26395877247474675	8.330509580212165E-4	0.014504561137646577	7.478450286777374E-4	5.205806169960778E-4	4.7856347014867525E-4	7.972009245678896E-4	5.098632979286476E-4	0.0017431973286320761	2.8984309947901576E-4	0.24766368704548464	0.006649204558042506	2.812991400747442E-4	0.15276459970839612	0.0014504246597675289	0.17713201824384972	5.724484613602176E-4	0.002372736861003204	7.890159696715621E-4	0.0015174937461240317	5.99184962000095E-4
15	15	1.5992209975574309E-4	5.415993084984003E-5	5.168992197247386E-5	3.90775792278861E-5	0.029844579046732083	2.921639598619897E-5	0.06343656604940294	0.008166540946455494	5.1268480201562485E-5	0.040998193216505295	0.001921660238209476	7.256848491611114E-4	0.020360446213290802	0.00312255779814751	0.03878221913174618	0.0013034581224700718	4.71237458077787E-5	7.760024521638184E-4	2.6788538417015608E-5	1.3925480270892898E-4	0.10944984823350132	2.5998869160972755E-5	0.1334075656793466	0.050554928043067854	0.007762856583460175	5.2908134181817576E-5	0.003293741996722824	0.06033201706226955	0.4250283466031994	5.5379235877235976E-5
16	16	0.013176441826893292	2.7243423130252493E-4	2.600096406640815E-4	1.9656727937170378E-4	0.09135659859776898	1.469637471288204E-4	5.182580163480366E-4	8.701599468633568E-4	2.578897124607877E-4	0.14436829057312042	0.2076183746064414	0.03767333899235914	0.003440682422601757	2.4202354739087678E-4	0.0033154905197256674	3.7062731390297057E-4	2.370409500859931E-4	8.104312521513143E-4	1.3475118518138508E-4	0.0811185079336142	0.10206732527936017	1.3077900624065242E-4	0.15762594469699545	6.743180785441876E-4	0.1040015954228939	2.661374680377179E-4	0.0011031109752774675	3.668220400326635E-4	7.054992206580289E-4	0.04667358551658304
17	17	0.08209732735754617	2.1106790322610483E-4	2.0144197522887434E-4	1.5229012632327372E-4	0.01087093116941378	1.1385988393758843E-4	4.015194137598326E-4	6.741547660060344E-4	0.028955361196947582	0.042356451623506444	3.0005558632700504E-4	0.03158364462833375	2.6936536883007746E-4	1.8750728362916535E-4	1.7237317987273687E-4	0.2710686815094269	1.8364702583140713E-4	6.278800732296199E-4	1.043982247659783E-4	0.007731583479458001	0.14856907366577776	0.04323466323477788	0.05742038757905622	0.012503910663879292	0.19080469143085774	2.0618949784709012E-4	0.06315835000227037	2.841946787547436E-4	0.0029428809838157625	0.0026121164873627984
18	18	0.04216867092255446	2.1519323817486584E-4	2.053791708320775E-4	1.552666460634619E-4	0.042844127571455684	0.16869223252786314	0.010181897410121085	6.873311617278379E-4	2.0370465947356018E-4	0.12136455323603797	3.0592019093019646E-4	0.039530346581321416	2.746301312739922E-4	1.9117212484130364E-4	0.00261887479288739	2.9275503101615385E-4	1.872364180711488E-4	0.09103605707202106	1.0643869439036425E-4	0.007882697746713047	0.08795141841826766	1.0330110758719533E-4	0.09274652849398098	0.010305167786142476	0.15544385957770993	0.007539617190397753	0.07905157918997724	0.0027328818497358615	0.03476112316493502	2.2003789349570995E-4
19	19	0.005397220219131774	1.1159215521815074E-4	0.011508858664967482	8.051619007487577E-5	0.034886843500046345	0.006394840110570501	0.01921621064140189	0.0028902842330357724	1.05634555116282E-4	0.1237482407558933	1.5864017717372717E-4	0.15099276825312283	0.02674791095927508	0.012768419775023425	9.11341532738817E-5	1.5181315704493575E-4	9.709466526502871E-5	0.015535102862648137	0.011457551379022608	0.0015538516714467205	0.15076377958772877	5.356856623306108E-5	0.06203152029324379	0.1599091890278628	0.11101436922611234	0.001375941347603017	0.047328198254533875	1.5025447365058897E-4	0.03956376145531658	0.003914889688962486
20	20	0.006937836223824209	9.761701864193763E-5	9.316511298319328E-5	7.043282220109443E-5	0.2621453862268265	5.265917860091655E-5	1.8569913994031568E-4	0.03799282953100173	9.24055128773215E-5	0.01072335346056355	1.387730266724805E-4	0.006849292368765297	1.2457907540025235E-4	8.672044267156722E-5	7.972105495823166E-5	1.328009818645071E-4	8.493510794446389E-5	2.9038892165285135E-4	4.828324580572833E-5	2.5099069475745126E-4	0.06206227349341028	0.30260343763095365	0.1983376231150068	0.0013498835085100813	0.0029089936807945227	0.10538061676646938	3.9526018490022456E-4	1.3143749869075369E-4	2.5279029821466127E-4	9.9814675096107E-5
21	21	0.002816967728777812	1.0978400503233795E-4	1.0477721379815956E-4	0.0013256116916008436	0.07794556919775326	5.922261926198748E-5	0.010180045655674307	0.027771454806667734	1.0392293712585638E-4	0.048205515892210615	1.5606969840419992E-4	0.1784598049099274	1.4010661287282517E-4	0.006329529887621799	8.965748821750813E-5	0.07119416022816115	0.038733925189943175	0.041457787012658676	5.430127015000254E-5	2.822741780036716E-4	0.1794809267156227	5.2700583956003324E-5	0.07224401215983985	0.033924536166613804	0.09799797992894074	0.005092847057337488	0.09766373490272365	0.0076262205996311585	2.842980840576686E-4	1.1225557741367505E-4
22	22	0.05643114930001915	5.6961951694846755E-5	5.4364154316772925E-5	4.109929878791508E-5	0.08183126758751454	3.072793688524984E-5	0.005928665584902526	1.8193752166547795E-4	5.3920908813683155E-5	0.01143094764512203	0.161756131131525	0.016284043664509574	7.269498058701406E-5	5.0603529334702986E-5	4.651921298938451E-5	7.74926669471589E-5	0.0026363642002903477	0.03573798293689093	2.8174471557511167E-5	0.05705611337318949	0.1371001718558287	2.7343947934016708E-5	0.21532681733932146	1.4098989555516957E-4	0.010104577956831902	0.0071693521516580806	0.045499687137947185	7.669704069509149E-5	1.475094092828937E-4	0.15461969120740215
23	23	0.038543483561002255	1.292815221245959E-4	1.2338553034032818E-4	0.014770873414673655	0.016932886339650392	6.974049052172844E-5	0.006116972849431658	0.026832596684498288	0.007461176514078513	0.011266220586929375	0.2702515163301927	2.644740175412272E-4	0.17482835749148395	0.029470038287201048	1.0558055832644484E-4	1.7587827731207123E-4	1.1248591884530014E-4	3.8458377772328435E-4	6.394511528544943E-5	0.0032679245494140327	0.1276942539580501	6.206014900513302E-5	0.18634986661417197	0.014997586299533835	0.012659154376005273	1.262934426331148E-4	5.234726387883869E-4	1.740725145204345E-4	0.05610964614770581	1.3219204300973076E-4
24	24	0.13859975132793556	6.035786335170885E-5	0.05282224710234502	4.354952360799205E-5	0.0037939521867392106	3.2559850223103094E-5	0.006282115984166655	0.09749900686864506	5.7135522030764164E-5	0.004574622667741112	0.0014563153341217612	1.2347539190825984E-4	7.702885126078064E-5	5.362036969977122E-5	4.9292557879408585E-5	0.0035083880108993065	0.14464134040871354	1.7955122063564988E-4	2.9854154460594305E-5	0.05291983269787602	0.1857037495297386	0.05484938129632003	0.10755910193145157	0.0015199054968165872	0.038117188118603984	5.896281407732731E-5	0.09549485195057582	8.126950295794704E-5	0.00221206877538835	0.007599522689828456
25	25	0.0452255143613609	0.012965251323810415	0.006609559027327957	2.0155454701372495E-4	0.033416432370042375	1.5069248338110257E-4	5.314071602106988E-4	8.922374796055594E-4	0.04149362390591766	0.04654393585122525	3.9712074079378227E-4	5.714649580884116E-4	3.565025271597931E-4	2.481641228232061E-4	2.281342791246689E-4	0.37778570285344926	2.4305510800676455E-4	8.309933598065458E-4	1.3817006663371627E-4	7.182491657378473E-4	0.12685729170214102	0.0033055733420702797	0.03476615076909547	6.914267486356832E-4	0.2017845912021875	2.7288985728030426E-4	0.05504619490491096	0.003547605214840569	7.233990127592642E-4	0.0034571115545593413
26	26	0.06889484009381194	0.02296758113916404	1.5972292894019457E-4	1.2075052876834039E-4	0.0029194825667257416	9.027926841285006E-5	0.004118401558141783	0.004334573569679739	0.27376113064507024	0.006984080136038395	2.3791345889338284E-4	0.05544290814702211	2.1357924839504258E-4	0.009648768237080305	1.3667434073125662E-4	0.015427825497456417	0.005845669807980935	4.97844822090703E-4	8.277713826442206E-5	0.01943048841616752	0.20330096061795003	8.033704391612036E-5	0.055028601621273834	0.0042142686581496695	0.18738900600384853	1.6348722988556455E-4	0.05767820143702858	2.2533737781488386E-4	4.333854760182035E-4	1.7112298527926565E-4
27	27	0.0018353113726339912	4.9586412155917335E-5	4.7324982418101943E-5	0.00285060076070725	0.03689476121038264	2.6749226417936426E-5	9.432939274508751E-5	1.5837991268734388E-4	4.6939129167844456E-5	0.1157881949093205	0.014707572378655028	0.028249670756581868	6.262469143067987E-4	4.40512901590351E-5	0.018618328117867376	6.745877217986344E-5	4.31443955944803E-5	7.104731638908892E-4	2.452638853405561E-5	0.0012534247039999507	0.05798504334606113	2.3803402655333554E-5	0.1384679786878685	0.01813760194547297	0.017803652235542977	4.844032307230934E-5	2.0077989176434853E-4	0.4431199182695536	0.10202500495425727	5.0702753345492837E-5
28	28	0.28476368430177595	0.0090439336318029	6.987238304284292E-4	5.282351916978956E-4	0.046018851519355135	3.9493563417762135E-4	0.0013927146139968642	0.05220930778352149	6.930269479949338E-4	0.01392891042514648	0.001040776076493721	0.001497698296352035	9.343236536470398E-4	6.503898072968297E-4	5.978954900882222E-4	0.00930780787362303	6.370000750335998E-4	0.0021778716641267233	0.008673938022697369	0.0018823911014250133	0.09973724776973274	3.514423847773711E-4	0.049556200429739364	0.0018120947729636278	0.10493521135416502	0.0505861183548834	0.24400720467369574	0.009297581962277205	0.0018958878469406964	7.485945101435388E-4
29	29	0.03932001718102081	4.860142047687638E-5	4.638491210718659E-5	3.506699195275195E-5	0.22045700099674248	2.6217875906840704E-5	0.03319936388431105	0.05643697788044861	4.6006723501824965E-5	0.08258838037447215	6.909211440780927E-5	9.942498139325757E-5	6.202525041619084E-5	4.317624894570363E-5	3.969140388416476E-5	6.1790056575551E-4	0.003904759999900927	0.039872868334725996	2.4039192796904714E-5	1.2496288517512227E-4	0.00993176666518434	2.3330568414480596E-5	0.08826419550826521	6.720780546734936E-4	0.02020890692876881	0.03922398621022477	0.0454428995320959	0.2158121254346516	0.10110192907525614	0.0022568228041230593
30	30	0.1848422501046356	8.557268367490795E-5	0.01562605518221448	6.17425700804588E-5	0.012179564496588757	4.6161901845471776E-5	0.005020407267130584	0.15960326812646866	8.100419202796204E-5	0.018143984595107694	1.2165071704978287E-4	0.016690967079216582	0.040913218985610095	7.602056600501306E-5	6.988478764337007E-5	1.1641552437175603E-4	0.016590364693985362	0.005112180051211835	4.232588720299606E-5	0.04199555755926178	0.2079056124283387	4.107820988149973E-5	0.11557457755126706	0.009927046705563018	0.006436167971727529	0.027286268791528873	0.09458432632039064	0.013716557245814696	0.00605074454918052	0.001059023254974292
31	31	0.07039349845987432	8.700972844788267E-5	0.02280334158752112	6.277942943549812E-5	0.015347616546167366	4.693711090645696E-5	0.03572772935540667	0.15734433248447055	8.236451690903103E-5	0.005606772639120351	1.2369362980602121E-4	1.7799769115964582E-4	0.015916468120181725	0.006992171115742453	7.105838141746368E-5	1.1837052114884787E-4	0.016868971088472285	2.5883459225452276E-4	4.303667705268285E-5	0.002199395729257029	0.19262808303277518	4.176804715501132E-5	0.09084379555140955	0.009105915102904172	0.03321590878146262	8.499867550805198E-5	0.2779351060816578	0.025800972600264316	0.002200999783655577	0.01787007293845593
32	32	6.480840962515943E-4	2.1948304763055057E-4	2.0947333994495733E-4	1.583618377715501E-4	0.008812512702959251	1.1839940581923537E-4	4.1752773997302204E-4	7.010328920506601E-4	2.0776544772967915E-4	0.16863695904964995	3.1201861362631676E-4	0.027859193358509577	2.801047964816312E-4	0.09986840897641115	1.7924559002089992E-4	2.9859101039405537E-4	1.9096891711945746E-4	0.020587598435498955	1.0856051625390944E-4	5.64329902497227E-4	0.07475368837117326	1.053603826455973E-4	0.10954641522527883	5.432554721323069E-4	0.048901815496423376	2.144101433007226E-4	0.008364213759840823	0.38653005068650964	0.04043774650647185	2.244242796300169E-4
33	33	2.5292261715462405E-4	8.565590044388518E-5	8.174949156973474E-5	6.18026128063591E-5	0.012191408743624486	4.620679285690737E-5	0.03322688600257842	0.009025806139521317	8.108296608113754E-5	0.12416073331316876	0.002066706711394966	0.010872385446279387	0.008861533885070097	0.02925015988582778	0.04383105083670815	1.1652873484244562E-4	7.452791789275273E-5	2.548072550170857E-4	4.236704780969748E-5	2.202365352023732E-4	0.07974190643377946	4.111815716087563E-5	0.10887968830252776	0.36877770477316585	0.032699085797541855	0.0010561449848917285	3.468285296791487E-4	1.1533232072723558E-4	0.12664276566414015	0.006894866200535503
34	34	0.039842159316536646	1.921859823683306E-4	0.004547274215382459	0.00668444595872089	0.025171914300178795	1.0367409403526564E-4	0.0025475264112755497	0.004977698598649594	0.013273484803883365	0.008020315112239145	2.7321291746375156E-4	0.2709520472230007	2.4526821574173604E-4	1.7073307193886682E-4	1.5695284977700795E-4	0.030808426549405993	1.6721814889411363E-4	0.07257528563926857	9.505886531059179E-5	4.941442988973578E-4	0.09382163096826347	0.0022741832493367595	0.015190867060759063	4.756908914644851E-4	0.34610769187020557	1.877439941937831E-4	0.02259744369449279	0.028623815639690058	0.004861540349108211	0.004560365709517074
35	35	4.7520185693620555E-4	0.0019880501405138713	1.5359444969596857E-4	1.1611739867113828E-4	0.033868438417080066	8.6815303493579E-5	3.0614847441115425E-4	5.140260870504468E-4	1.523421530313209E-4	0.27347506459827975	2.287848528477471E-4	0.08437656960201119	0.03309347525451057	0.0019700857594687764	0.001958546385237218	2.1893918308501294E-4	1.4002624745328222E-4	0.002305858957695762	7.96010258733208E-5	0.005895138331802733	0.08587344698720725	7.725455657726894E-5	0.010893513291741945	0.32197078177962696	0.11807704537243037	1.572143165242973E-4	6.516363115174737E-4	2.1669130895019437E-4	4.1675671825530864E-4	0.02026283487801989
36	36	6.697808868178319E-4	2.2683097939561414E-4	2.164861631453459E-4	1.6366353186910118E-4	0.06833847997935026	0.17523992151052362	0.015883055143228807	7.245023212911552E-4	2.147210935052259E-4	0.027492929346805934	0.05440288689629117	0.11892591072569901	2.8948224478041065E-4	0.005352027214316738	1.8524643782614428E-4	3.085873467568074E-4	1.9736224265138585E-4	0.0058252881395330315	0.018139002414681017	5.832227402872077E-4	0.2163202623631345	1.0888767512116012E-4	0.0617086849907276	5.614427726246204E-4	0.13552248885389873	0.0027968464526702563	0.06529991451418653	0.0028806772545722416	0.018614211918480585	0.002807195845827939
37	37	1.923249043311753E-4	0.0022835589118375657	6.21631363859387E-5	4.699532896313925E-5	0.02627839726476507	3.513611046584361E-5	1.2390518932707995E-4	0.011300164459585668	6.165630369430014E-5	0.06187616713284911	8.320694885535928E-4	0.012704321954504588	0.005998924476951169	5.78630190274561E-5	0.020758495600424903	8.860962310343748E-5	5.667177906024329E-5	0.03568856284700299	3.221632967609606E-5	1.6747007855422846E-4	0.07542605045638325	3.126666065378035E-5	0.14416964448719996	0.01938756867231292	0.04335159155529256	6.362817809671505E-5	0.011355858419677168	0.4363780094117263	0.09112410825462149	6.65999649722615E-5
38	38	0.0014034978858670972	4.753148474323286E-4	4.536377168621874E-4	3.4295009829729637E-4	0.002895434048650942	2.5640702605778305E-4	9.042025621864841E-4	0.006914510432935361	4.4993908712062186E-4	0.0036468249962967004	6.757108639273154E-4	9.723619062612142E-4	6.065979584393107E-4	4.2225745624228163E-4	3.8817617667271157E-4	0.09778086108419347	4.1356433986529585E-4	0.006810302032696329	2.3509982104521937E-4	0.08756365595432185	0.2266435439407914	2.2816957730102674E-4	0.06455182035456958	0.0011764798905471502	0.47825017587434326	4.6432891128098754E-4	0.012717285169489402	6.399928568423078E-4	0.0012308814968935583	4.860156325695364E-4
39	39	0.1702572121484095	6.717010443072997E-5	0.0015892984501700972	4.846470511409425E-5	0.0019343659680287207	3.623469119492683E-5	0.03444459238730686	0.1001145985356623	6.358407618155101E-5	0.005090933728598518	9.54894835289959E-5	1.3741134143159338E-4	8.572264980979175E-5	5.9672189046201735E-5	5.485592227021626E-5	9.138012965815115E-5	0.00615921048105092	0.003250199511784655	3.3223619284271565E-5	0.025338369228393002	0.3164768539443939	0.04807578263261943	0.15172769793554644	0.004741831781479636	0.010390227921524262	0.005403788534625	0.10322241723594007	9.044191920627801E-5	0.010850286435212277	6.868230809749926E-5
40	40	5.272195948503291E-4	1.785505370638999E-4	1.7040759070695058E-4	0.030535636169962587	0.001087660752051999	0.018340403320418794	0.008448143010094767	5.702937002487727E-4	0.1866641075072417	0.011505521092503523	2.538286744163002E-4	0.028744952212874448	2.2786662744976466E-4	1.5861969386939804E-4	1.4581716770417443E-4	0.004297146324883487	0.04475200593986054	0.006612509747806993	8.831451308119938E-5	0.07748966550801593	0.1763583631248582	8.57111886759261E-5	0.0019503636957011743	0.0835538829628772	0.30736177777666995	1.7442370448004938E-4	0.008831449503632655	2.4041131667472813E-4	4.623767877641388E-4	1.8257025356039724E-4
41	41	0.04081787180140597	5.4260022474270714E-5	0.20334005621676243	0.0018872249863318377	0.14016822033781592	0.006189521019413868	0.017967946936131036	0.06732003936973589	5.136322820779044E-5	0.03984191083430809	6.931614849507851E-4	0.01366355229092113	0.04380702624022881	0.0018962783938736305	4.43126239039619E-5	0.00931419282921633	4.721083403320934E-5	1.6141150010899572E-4	0.08442227166748682	0.01923628910698127	0.18295910227148007	2.604691702600599E-5	0.07574775697576402	0.010606728260603372	0.005929127737306934	5.3005912391884665E-5	0.03225300703744163	7.305899864737624E-5	0.0013725625841775945	5.548158086903536E-5
42	42	0.12166419814699529	8.041634058453419E-5	9.89731944650858E-4	5.802215532958142E-5	0.014184611092961765	4.338032957968102E-5	1.5297788737506036E-4	0.04225407195939663	9.891061904363611E-4	6.169896070754252E-4	1.1432042416471128E-4	1.645094544126592E-4	1.0262752844194221E-4	0.006462321212801928	6.567374825075146E-5	1.0940068787338221E-4	0.021068579399281622	0.008456068255584299	0.00551767381184235	0.3060560892726031	0.18168312262630518	9.515860234791174E-4	0.1880399399701518	1.9904324066494613E-4	0.023395022668953644	7.855768039758944E-5	0.048713715172548855	1.0827745824798233E-4	0.025771772835355932	0.001908192874252973
43	43	0.003997949262763199	0.0036936879574719366	0.005455521257573505	1.1242011568501147E-4	0.0451726106279475	0.4087089903684303	0.002065339561469866	0.0022665981629256178	0.02314370014870453	0.06664618850874857	2.2150013622820614E-4	0.062231612873829105	1.9884470947992928E-4	1.3841731585819523E-4	1.2724536573796837E-4	0.06389377669022922	1.3556768509962103E-4	0.0022324383231460522	7.706645722118288E-5	0.0021695535332576185	0.14505202837162973	7.479470162958051E-5	0.001701958320058955	0.009230349447372768	0.14969614809017445	1.5220847050713778E-4	6.308876220420969E-4	2.097916617053217E-4	4.0348680744613387E-4	1.5931744562681775E-4
44	44	2.292872936588573E-4	7.765145647960839E-5	7.411009695725567E-5	5.602723074288432E-5	0.03749991883769777	4.188882197252723E-5	0.0715567323316965	0.0064191695514033646	7.350585749795232E-5	0.041149043491621684	1.1038984586005542E-4	1.5885327095156975E-4	0.02566528922720577	6.898355198394237E-5	6.341574569393873E-5	0.001868824795042658	6.756337091519132E-5	0.007283737952394272	3.840789662026219E-5	1.996556879311597E-4	0.09873790132787442	3.727571334552897E-5	0.15512694556202647	0.06278528618797434	0.032288172680598234	7.585670096639023E-5	3.1441780821521437E-4	0.0168548172278559	0.4409974708495066	7.939962730967663E-5
45	45	0.273680503158302	8.450539632990836E-5	8.065145715670434E-5	6.097249882799034E-5	0.015865285191023194	4.558615720892451E-5	1.6075659385112324E-4	0.03672737548671028	7.999388423661354E-5	0.007364211220541551	1.2013345400225935E-4	0.005929316160791525	1.078459912787078E-4	0.001034479354816164	6.901316429048903E-5	0.03753183419169155	0.06243497794067852	0.005048419457997934	4.1797986454326616E-5	0.04339059065651943	0.20243433247534448	0.046092098960403304	0.08247266887964634	2.0916430438038986E-4	0.04185395097371204	8.255222593445523E-5	0.1308215137885561	1.1378321192348067E-4	0.005975277907165421	8.64078702247296E-5
46	46	0.025391375506757716	2.707593135405546E-4	2.5841110892543156E-4	1.9535878943243383E-4	0.03546320159477551	1.4606021826882765E-4	0.28024775370320637	0.0961583612131792	2.5630421397931994E-4	0.002077384785966337	0.009606869853625619	5.538982080498854E-4	3.4554369111205405E-4	0.0033145211092604327	2.2112146442819467E-4	3.6834870791370303E-4	2.355836291916431E-4	8.054487442902638E-4	1.3392273879846256E-4	6.961702904169484E-4	0.20902931136727781	1.299749806987885E-4	0.2919122276428471	0.0037441579061592433	0.017290602189451255	2.645012625938903E-4	0.01954024217472398	3.645668287569166E-4	7.011618318868499E-4	2.7685493048529536E-4
47	47	0.0944172549467353	2.9427917119550926E-4	2.808583238297299E-4	2.1232888312565368E-4	0.00847465727029397	1.587479278726559E-4	5.598141569330587E-4	0.0076219555662714825	2.7856841073152413E-4	0.002257839499865508	0.38463464186976365	6.020132916579567E-4	3.755597903636347E-4	2.61430028801686E-4	2.403294661763129E-4	0.0037413570341690216	0.0069380703850701435	8.754150902908844E-4	1.4555611056364E-4	0.0040976552620584404	0.14366163162012788	1.412654253552125E-4	0.17360607720655774	7.283877812541714E-4	0.11234088740512924	0.023674556184815492	0.0245786418015367	0.0037372466371922096	7.620691604785067E-4	3.009042917831153E-4
48	48	0.00505427014097579	3.5329776066322347E-4	3.3718532123616445E-4	2.549120912216348E-4	0.04627382728057488	0.004201646592106784	6.720866014014319E-4	0.0051395008282091505	3.34436159049718E-4	0.02677702381501545	0.4978738493623731	7.227489018954318E-4	4.508794570529447E-4	3.1386062211108726E-4	2.885282769981342E-4	4.806363701672298E-4	3.073990975747405E-4	0.001050982268959451	1.7474783452756755E-4	0.03700794282737054	0.09626324769028372	1.695966392537398E-4	0.18435694024173507	8.744681825972182E-4	0.07871633865925812	3.451320013522637E-4	0.009452657320442535	4.7570162048227974E-4	9.149044656262362E-4	3.612515694843377E-4
49	49	7.319877861665659E-4	2.4789824509720396E-4	2.3659263860056277E-4	1.7886402661957104E-4	0.004324539303111689	1.337278903314019E-4	0.020172656750580883	0.03456506146733031	2.3466363548367832E-4	0.018788619549151158	0.54353917160244	5.071308238395503E-4	3.163683402464319E-4	2.2022640981475767E-4	2.0245147717462702E-4	3.372478570786175E-4	2.156925554529131E-4	7.374421496876645E-4	1.2261521678654088E-4	0.03722509949373221	0.1266482023222698	1.1900078043648385E-4	0.17438865924853716	6.135876079493004E-4	0.007387384274794976	2.421685812598985E-4	0.0010037625360488792	3.3378529398567106E-4	6.41960512386424E-4	0.025583431623604994
50	50	0.04411078412287858	1.6703793228860548E-4	0.011537913591810512	1.205215355826019E-4	0.002913946014459829	9.010806140041817E-5	0.006007006951191867	5.335222287944212E-4	1.5812023372392467E-4	0.012660082199520493	0.4952019323067712	3.417131258059517E-4	2.1317421337783415E-4	1.483921925965061E-4	1.3641514938019593E-4	2.272431767037579E-4	1.4533720663804066E-4	0.006186147483368443	8.262015840859176E-5	0.04215062726278326	0.12895520934045895	8.018469149326299E-5	0.21043032322999813	4.1344546537461E-4	0.012563403923894417	1.6317719015339178E-4	0.012054845340696353	2.249100444976875E-4	0.011811057160966754	1.707984649814924E-4
51	51	9.412705282754349E-4	0.003937890769334177	3.0423687680350897E-4	2.3000306836726974E-4	0.012799200806384591	1.7196205231319949E-4	6.064129001886275E-4	0.001018172802658645	3.0175635210461513E-4	0.05311340388139296	4.531725542695563E-4	0.015128588270048302	4.068212617493305E-4	2.8319137699296166E-4	2.6033441058938723E-4	4.336704444955232E-4	0.00389647714594066	9.482843497215519E-4	1.576721525419162E-4	0.01167697451270198	0.06876119624492928	1.5302431213128133E-4	0.1229129028602901	7.890185366375427E-4	0.0022612806683557068	3.1140703809823874E-4	0.01214809613423632	4.2921789944862666E-4	0.6848384083245715	3.2595146442719125E-4
52	52	0.0078123054736069794	1.0992101059330612E-4	0.0013528635446689746	0.0013272659960997571	0.016893018700687337	5.929652645977647E-5	0.008944794326826556	3.510897300964516E-4	1.0405262833446361E-4	0.11066345291258843	1.5626446645418773E-4	0.03391966828482843	0.0013882370332641261	9.765099190872324E-5	8.976937677964081E-5	0.18609492014500736	0.0013435962008837333	0.020294279738459858	5.436903572273778E-5	0.005274448737888878	0.1934324222476573	5.276635194348124E-5	0.05361483587402816	0.03147096133347772	0.11683961065763405	1.0738040995650217E-4	0.10901721506709633	1.4800434275644885E-4	0.07516198728920861	0.023823551565081764
53	53	1.212898005989095E-4	4.107654428788175E-5	0.028486574910589438	2.9637628568394163E-5	0.13269372341920718	2.215860627641361E-5	0.02759281185692017	0.012722658841485629	3.888357988141874E-5	0.26100500617601624	5.8394698541086205E-5	0.009411038292324977	0.03223059652705438	0.005166345255407283	3.354605057833241E-5	5.5881704736760535E-5	3.574008683745985E-5	0.020175258878535027	4.866676006868553E-4	1.0561509184036287E-4	0.021451857895804612	1.9718335746890908E-5	0.055011683632051576	0.0630589690008089	0.01987809799271671	4.012714349532887E-5	0.00249807444134949	0.11011399190095768	0.19737257280426593	4.200130242867643E-5
54	54	0.0015732992278319504	5.328205264665125E-4	5.085208013789001E-4	3.8444170829846286E-4	0.009294956111147895	2.87428274862109E-4	0.0010135969617173877	0.0017018385640494558	5.043746951574104E-4	0.004088033910480122	7.574613336860945E-4	0.0071392222499474835	0.012778426299532466	4.7334401892727473E-4	4.3513943638370903E-4	0.25479209281273635	4.635991711287222E-4	0.0015850225736011468	2.635432305516839E-4	0.025566855127819622	0.24801465615450383	0.07889563098880399	0.01186938598505445	0.0013188155977977179	0.32438829339157105	5.205054634814067E-4	0.008206658488778384	7.174220051396032E-4	0.0013797989495501453	5.448159396146865E-4
55	55	0.0034053456921422716	4.791403013674209E-5	0.004941528370294124	3.457102473020221E-5	0.002467784611986991	2.584706545602731E-5	0.04306538803258864	0.028439879846512868	4.535603105279603E-5	0.059661189272855984	0.0017000480820669249	0.002273929660719749	6.114800120079424E-5	0.002218476477763339	0.050629058193328795	6.51836158875609E-5	5.856670031805163E-4	0.07085963746608001	2.3699196378053543E-5	0.022426282091417366	0.15612130477351366	2.300059436844245E-5	0.12291836751482438	0.060500122010487226	0.03787434868620517	0.021261937759334434	0.03555256020585006	0.056094219751454746	0.21608323449510103	5.929704430810995E-4
56	56	9.998152646351009E-5	3.3860189228353945E-5	3.231596702069986E-5	4.0885247999197593E-4	0.23816323977924617	0.0057845899179396875	0.013903590992105027	0.011256376758472639	3.205248629079723E-5	0.12289028389756655	0.0012014007085566424	0.008526543945341719	4.3212455426636953E-5	3.0080519152060855E-5	0.06807027763468623	4.606436908442501E-5	2.946124422913569E-5	0.11273625827436481	1.6747897674870405E-5	0.010466444032191624	0.025371613204547644	1.6254205197463863E-5	0.08763357097965625	0.0035436038473139766	0.016385900303977588	0.002339607240044004	1.371029851285173E-4	0.1445881167955831	0.1261779728782838	3.462248523403343E-5
57	57	6.086509826515152E-4	2.0612845368114569E-4	1.9672779340552986E-4	1.4872620502746474E-4	0.052740455762366655	0.021173159367050873	0.054217142229477315	6.583780732863774E-4	1.9512381904309098E-4	0.015622817712772729	0.0026332518588982113	4.216814543850558E-4	2.6306163136853567E-4	1.8311920399866635E-4	0.2131281980281107	0.0026206412672338886	1.793492846575428E-4	0.0567784237836298	1.0195507848019535E-4	0.016911520465938617	0.051483503998662444	0.009459822571545363	0.15670600901045198	0.0496547835168479	0.0014622052422774187	0.007222018897924612	8.346328524338327E-4	0.0049579803592729515	0.27901976206203005	2.1076903308955746E-4
58	58	5.008236189382488E-4	1.69611158251992E-4	1.6187589973136528E-4	0.002048008125943056	0.02606639488420629	9.149617965553022E-5	0.004173915179885542	0.029426190429825187	0.004011815984849423	0.04366519048857205	2.4112039186927162E-4	0.056190245818639656	2.164581705788882E-4	0.027109497498833523	1.3851663015989018E-4	0.2524882674911859	1.4757613206320045E-4	0.02938900474635746	8.389292522151404E-5	4.36100416100953E-4	0.21952074720956793	0.0020070498911727527	0.08465480395546933	4.1981460914554825E-4	0.12444348083617693	1.6569094123125886E-4	0.09119137871523561	2.2837479264200676E-4	4.392272563898506E-4	1.7342962209997E-4
59	59	2.3986024658603333E-4	0.0010034771328620283	7.752748024986556E-5	5.861077239419754E-5	0.20338873321736553	4.382040978894297E-5	0.04073330949493048	0.02516007176102289	7.689537794976536E-5	0.12235958785908402	0.0010377251630267835	1.6617835263968886E-4	1.036686534087272E-4	7.216453875489181E-5	0.016666749863028584	1.1051052447626664E-4	9.929238629775563E-4	0.16716799129037885	4.017897113781511E-5	2.0886226085743733E-4	0.018444388724739663	3.8994580345265835E-5	0.139224073177614	2.010624736180548E-4	0.00426521318291238	0.03789139933855086	3.289163206825968E-4	0.11262326505034884	0.10719077899552147	8.306092274643797E-5
60	60	1.156793038132011E-4	3.917646844838663E-5	0.041401781783617045	0.0026969371331475207	0.10031378979301242	0.005358474518664124	0.09614666254965015	0.016581931475561026	4.818633523991317E-4	0.20534342545192666	5.569353762854926E-5	8.014415233784382E-5	4.999710383134366E-5	0.007596036309092787	0.0031454431719609133	5.3296787264249504E-5	3.408685926735607E-5	0.012570336719345435	1.937743113044807E-5	1.0072965934425257E-4	0.03602680457910217	1.8806225587741676E-5	0.03778932320559981	0.05747338269089946	0.028743722705688403	3.8270984045082186E-5	1.5862908310533655E-4	0.19753436295802956	0.1499917755564056	4.005845009395362E-5
61	61	0.001799320251130983	1.2577400845413382E-4	1.2003797976006181E-4	9.074870855729218E-5	0.01790142113318816	6.784837384589024E-5	2.3926284086230563E-4	0.006113476017850172	1.1905927797765935E-4	0.09806476948142584	1.7880119750360621E-4	0.013108739542746975	1.6051309393163513E-4	1.1173438649799173E-4	1.0271607123208562E-4	1.7110655547687446E-4	1.0943408365957167E-4	0.10318567708136057	6.221023189038214E-5	3.233873171247467E-4	0.04854909652171724	6.0376406290403616E-5	0.07848251460061205	0.0017392485672421759	0.008031887500067019	1.2286699800865837E-4	0.016216587079558305	0.5085152351474761	0.09599754398002942	1.2860556452182992E-4
62	62	9.345063546649421E-4	3.164840858436249E-4	0.003895158713468016	2.283502165689321E-4	0.016300331129623747	1.7072629581034343E-4	0.04731246101859134	0.022569504884671736	2.9958786568929697E-4	0.002428205391477829	4.4991595827456013E-4	6.474383677990577E-4	0.003997005904834889	2.8115630250435047E-4	2.58463591205253E-4	0.004023662143546461	2.7536806970547014E-4	0.04405876755727519	1.565390863496838E-4	8.137368021547227E-4	0.1509085508351872	1.5192464632555523E-4	0.24060219306060868	0.39243213668345656	0.02380367950836498	3.091691997659528E-4	0.004874580990481209	0.025577890487452404	0.004412679444262973	0.0075098254040350705
